H 0
H 1
H 2
H 3
H 4
H 5
H 6
H 7
H 8
H 9
H 10
H 11
H 12
H 13
H 14
H 15
H 16
H 17
H 18
H 19
H 20
H 21
H 22
H 23
H 24
RZZ 0 1 3.141592653589793
RZZ 0 2 3.141592653589793
RZZ 0 3 3.141592653589793
RZZ 0 4 3.141592653589793
RZZ 0 5 3.141592653589793
RZZ 0 6 3.141592653589793
RZZ 0 7 3.141592653589793
RZZ 0 8 3.141592653589793
RZZ 0 9 3.141592653589793
RZZ 0 10 3.141592653589793
RZZ 0 11 3.141592653589793
RZZ 0 12 3.141592653589793
RZZ 0 13 3.141592653589793
RZZ 0 14 3.141592653589793
RZZ 0 15 3.141592653589793
RZZ 0 16 3.141592653589793
RZZ 0 17 3.141592653589793
RZZ 0 18 3.141592653589793
RZZ 0 19 3.141592653589793
RZZ 0 20 3.141592653589793
RZZ 0 21 3.141592653589793
RZZ 0 22 3.141592653589793
RZZ 0 23 3.141592653589793
RZZ 0 24 3.141592653589793
RZZ 1 2 3.141592653589793
RZZ 1 3 3.141592653589793
RZZ 1 4 3.141592653589793
RZZ 1 5 3.141592653589793
RZZ 1 6 3.141592653589793
RZZ 1 7 3.141592653589793
RZZ 1 8 3.141592653589793
RZZ 1 9 3.141592653589793
RZZ 1 10 3.141592653589793
RZZ 1 11 3.141592653589793
RZZ 1 12 3.141592653589793
RZZ 1 13 3.141592653589793
RZZ 1 14 3.141592653589793
RZZ 1 15 3.141592653589793
RZZ 1 16 3.141592653589793
RZZ 1 17 3.141592653589793
RZZ 1 18 3.141592653589793
RZZ 1 19 3.141592653589793
RZZ 1 20 3.141592653589793
RZZ 1 21 3.141592653589793
RZZ 1 22 3.141592653589793
RZZ 1 23 3.141592653589793
RZZ 1 24 3.141592653589793
RZZ 2 3 3.141592653589793
RZZ 2 4 3.141592653589793
RZZ 2 5 3.141592653589793
RZZ 2 6 3.141592653589793
RZZ 2 7 3.141592653589793
RZZ 2 8 3.141592653589793
RZZ 2 9 3.141592653589793
RZZ 2 10 3.141592653589793
RZZ 2 11 3.141592653589793
RZZ 2 12 3.141592653589793
RZZ 2 13 3.141592653589793
RZZ 2 14 3.141592653589793
RZZ 2 15 3.141592653589793
RZZ 2 16 3.141592653589793
RZZ 2 17 3.141592653589793
RZZ 2 18 3.141592653589793
RZZ 2 19 3.141592653589793
RZZ 2 20 3.141592653589793
RZZ 2 21 3.141592653589793
RZZ 2 22 3.141592653589793
RZZ 2 23 3.141592653589793
RZZ 2 24 3.141592653589793
RZZ 3 4 3.141592653589793
RZZ 3 5 3.141592653589793
RZZ 3 6 3.141592653589793
RZZ 3 7 3.141592653589793
RZZ 3 8 3.141592653589793
RZZ 3 9 3.141592653589793
RZZ 3 10 3.141592653589793
RZZ 3 11 3.141592653589793
RZZ 3 12 3.141592653589793
RZZ 3 13 3.141592653589793
RZZ 3 14 3.141592653589793
RZZ 3 15 3.141592653589793
RZZ 3 16 3.141592653589793
RZZ 3 17 3.141592653589793
RZZ 3 18 3.141592653589793
RZZ 3 19 3.141592653589793
RZZ 3 20 3.141592653589793
RZZ 3 21 3.141592653589793
RZZ 3 22 3.141592653589793
RZZ 3 23 3.141592653589793
RZZ 3 24 3.141592653589793
RZZ 4 5 3.141592653589793
RZZ 4 6 3.141592653589793
RZZ 4 7 3.141592653589793
RZZ 4 8 3.141592653589793
RZZ 4 9 3.141592653589793
RZZ 4 10 3.141592653589793
RZZ 4 11 3.141592653589793
RZZ 4 12 3.141592653589793
RZZ 4 13 3.141592653589793
RZZ 4 14 3.141592653589793
RZZ 4 15 3.141592653589793
RZZ 4 16 3.141592653589793
RZZ 4 17 3.141592653589793
RZZ 4 18 3.141592653589793
RZZ 4 19 3.141592653589793
RZZ 4 20 3.141592653589793
RZZ 4 21 3.141592653589793
RZZ 4 22 3.141592653589793
RZZ 4 23 3.141592653589793
RZZ 4 24 3.141592653589793
RZZ 5 6 3.141592653589793
RZZ 5 7 3.141592653589793
RZZ 5 8 3.141592653589793
RZZ 5 9 3.141592653589793
RZZ 5 10 3.141592653589793
RZZ 5 11 3.141592653589793
RZZ 5 12 3.141592653589793
RZZ 5 13 3.141592653589793
RZZ 5 14 3.141592653589793
RZZ 5 15 3.141592653589793
RZZ 5 16 3.141592653589793
RZZ 5 17 3.141592653589793
RZZ 5 18 3.141592653589793
RZZ 5 19 3.141592653589793
RZZ 5 20 3.141592653589793
RZZ 5 21 3.141592653589793
RZZ 5 22 3.141592653589793
RZZ 5 23 3.141592653589793
RZZ 5 24 3.141592653589793
RZZ 6 7 3.141592653589793
RZZ 6 8 3.141592653589793
RZZ 6 9 3.141592653589793
RZZ 6 10 3.141592653589793
RZZ 6 11 3.141592653589793
RZZ 6 12 3.141592653589793
RZZ 6 13 3.141592653589793
RZZ 6 14 3.141592653589793
RZZ 6 15 3.141592653589793
RZZ 6 16 3.141592653589793
RZZ 6 17 3.141592653589793
RZZ 6 18 3.141592653589793
RZZ 6 19 3.141592653589793
RZZ 6 20 3.141592653589793
RZZ 6 21 3.141592653589793
RZZ 6 22 3.141592653589793
RZZ 6 23 3.141592653589793
RZZ 6 24 3.141592653589793
RZZ 7 8 3.141592653589793
RZZ 7 9 3.141592653589793
RZZ 7 10 3.141592653589793
RZZ 7 11 3.141592653589793
RZZ 7 12 3.141592653589793
RZZ 7 13 3.141592653589793
RZZ 7 14 3.141592653589793
RZZ 7 15 3.141592653589793
RZZ 7 16 3.141592653589793
RZZ 7 17 3.141592653589793
RZZ 7 18 3.141592653589793
RZZ 7 19 3.141592653589793
RZZ 7 20 3.141592653589793
RZZ 7 21 3.141592653589793
RZZ 7 22 3.141592653589793
RZZ 7 23 3.141592653589793
RZZ 7 24 3.141592653589793
RZZ 8 9 3.141592653589793
RZZ 8 10 3.141592653589793
RZZ 8 11 3.141592653589793
RZZ 8 12 3.141592653589793
RZZ 8 13 3.141592653589793
RZZ 8 14 3.141592653589793
RZZ 8 15 3.141592653589793
RZZ 8 16 3.141592653589793
RZZ 8 17 3.141592653589793
RZZ 8 18 3.141592653589793
RZZ 8 19 3.141592653589793
RZZ 8 20 3.141592653589793
RZZ 8 21 3.141592653589793
RZZ 8 22 3.141592653589793
RZZ 8 23 3.141592653589793
RZZ 8 24 3.141592653589793
RZZ 9 10 3.141592653589793
RZZ 9 11 3.141592653589793
RZZ 9 12 3.141592653589793
RZZ 9 13 3.141592653589793
RZZ 9 14 3.141592653589793
RZZ 9 15 3.141592653589793
RZZ 9 16 3.141592653589793
RZZ 9 17 3.141592653589793
RZZ 9 18 3.141592653589793
RZZ 9 19 3.141592653589793
RZZ 9 20 3.141592653589793
RZZ 9 21 3.141592653589793
RZZ 9 22 3.141592653589793
RZZ 9 23 3.141592653589793
RZZ 9 24 3.141592653589793
RZZ 10 11 3.141592653589793
RZZ 10 12 3.141592653589793
RZZ 10 13 3.141592653589793
RZZ 10 14 3.141592653589793
RZZ 10 15 3.141592653589793
RZZ 10 16 3.141592653589793
RZZ 10 17 3.141592653589793
RZZ 10 18 3.141592653589793
RZZ 10 19 3.141592653589793
RZZ 10 20 3.141592653589793
RZZ 10 21 3.141592653589793
RZZ 10 22 3.141592653589793
RZZ 10 23 3.141592653589793
RZZ 10 24 3.141592653589793
RZZ 11 12 3.141592653589793
RZZ 11 13 3.141592653589793
RZZ 11 14 3.141592653589793
RZZ 11 15 3.141592653589793
RZZ 11 16 3.141592653589793
RZZ 11 17 3.141592653589793
RZZ 11 18 3.141592653589793
RZZ 11 19 3.141592653589793
RZZ 11 20 3.141592653589793
RZZ 11 21 3.141592653589793
RZZ 11 22 3.141592653589793
RZZ 11 23 3.141592653589793
RZZ 11 24 3.141592653589793
RZZ 12 13 3.141592653589793
RZZ 12 14 3.141592653589793
RZZ 12 15 3.141592653589793
RZZ 12 16 3.141592653589793
RZZ 12 17 3.141592653589793
RZZ 12 18 3.141592653589793
RZZ 12 19 3.141592653589793
RZZ 12 20 3.141592653589793
RZZ 12 21 3.141592653589793
RZZ 12 22 3.141592653589793
RZZ 12 23 3.141592653589793
RZZ 12 24 3.141592653589793
RZZ 13 14 3.141592653589793
RZZ 13 15 3.141592653589793
RZZ 13 16 3.141592653589793
RZZ 13 17 3.141592653589793
RZZ 13 18 3.141592653589793
RZZ 13 19 3.141592653589793
RZZ 13 20 3.141592653589793
RZZ 13 21 3.141592653589793
RZZ 13 22 3.141592653589793
RZZ 13 23 3.141592653589793
RZZ 13 24 3.141592653589793
RZZ 14 15 3.141592653589793
RZZ 14 16 3.141592653589793
RZZ 14 17 3.141592653589793
RZZ 14 18 3.141592653589793
RZZ 14 19 3.141592653589793
RZZ 14 20 3.141592653589793
RZZ 14 21 3.141592653589793
RZZ 14 22 3.141592653589793
RZZ 14 23 3.141592653589793
RZZ 14 24 3.141592653589793
RZZ 15 16 3.141592653589793
RZZ 15 17 3.141592653589793
RZZ 15 18 3.141592653589793
RZZ 15 19 3.141592653589793
RZZ 15 20 3.141592653589793
RZZ 15 21 3.141592653589793
RZZ 15 22 3.141592653589793
RZZ 15 23 3.141592653589793
RZZ 15 24 3.141592653589793
RZZ 16 17 3.141592653589793
RZZ 16 18 3.141592653589793
RZZ 16 19 3.141592653589793
RZZ 16 20 3.141592653589793
RZZ 16 21 3.141592653589793
RZZ 16 22 3.141592653589793
RZZ 16 23 3.141592653589793
RZZ 16 24 3.141592653589793
RZZ 17 18 3.141592653589793
RZZ 17 19 3.141592653589793
RZZ 17 20 3.141592653589793
RZZ 17 21 3.141592653589793
RZZ 17 22 3.141592653589793
RZZ 17 23 3.141592653589793
RZZ 17 24 3.141592653589793
RZZ 18 19 3.141592653589793
RZZ 18 20 3.141592653589793
RZZ 18 21 3.141592653589793
RZZ 18 22 3.141592653589793
RZZ 18 23 3.141592653589793
RZZ 18 24 3.141592653589793
RZZ 19 20 3.141592653589793
RZZ 19 21 3.141592653589793
RZZ 19 22 3.141592653589793
RZZ 19 23 3.141592653589793
RZZ 19 24 3.141592653589793
RZZ 20 21 3.141592653589793
RZZ 20 22 3.141592653589793
RZZ 20 23 3.141592653589793
RZZ 20 24 3.141592653589793
RZZ 21 22 3.141592653589793
RZZ 21 23 3.141592653589793
RZZ 21 24 3.141592653589793
RZZ 22 23 3.141592653589793
RZZ 22 24 3.141592653589793
RZZ 23 24 3.141592653589793
RX 0 3.141592653589793
RX 1 3.141592653589793
RX 2 3.141592653589793
RX 3 3.141592653589793
RX 4 3.141592653589793
RX 5 3.141592653589793
RX 6 3.141592653589793
RX 7 3.141592653589793
RX 8 3.141592653589793
RX 9 3.141592653589793
RX 10 3.141592653589793
RX 11 3.141592653589793
RX 12 3.141592653589793
RX 13 3.141592653589793
RX 14 3.141592653589793
RX 15 3.141592653589793
RX 16 3.141592653589793
RX 17 3.141592653589793
RX 18 3.141592653589793
RX 19 3.141592653589793
RX 20 3.141592653589793
RX 21 3.141592653589793
RX 22 3.141592653589793
RX 23 3.141592653589793
RX 24 3.141592653589793
RZZ 0 1 3.141592653589793
RZZ 0 2 3.141592653589793
RZZ 0 3 3.141592653589793
RZZ 0 4 3.141592653589793
RZZ 0 5 3.141592653589793
RZZ 0 6 3.141592653589793
RZZ 0 7 3.141592653589793
RZZ 0 8 3.141592653589793
RZZ 0 9 3.141592653589793
RZZ 0 10 3.141592653589793
RZZ 0 11 3.141592653589793
RZZ 0 12 3.141592653589793
RZZ 0 13 3.141592653589793
RZZ 0 14 3.141592653589793
RZZ 0 15 3.141592653589793
RZZ 0 16 3.141592653589793
RZZ 0 17 3.141592653589793
RZZ 0 18 3.141592653589793
RZZ 0 19 3.141592653589793
RZZ 0 20 3.141592653589793
RZZ 0 21 3.141592653589793
RZZ 0 22 3.141592653589793
RZZ 0 23 3.141592653589793
RZZ 0 24 3.141592653589793
RZZ 1 2 3.141592653589793
RZZ 1 3 3.141592653589793
RZZ 1 4 3.141592653589793
RZZ 1 5 3.141592653589793
RZZ 1 6 3.141592653589793
RZZ 1 7 3.141592653589793
RZZ 1 8 3.141592653589793
RZZ 1 9 3.141592653589793
RZZ 1 10 3.141592653589793
RZZ 1 11 3.141592653589793
RZZ 1 12 3.141592653589793
RZZ 1 13 3.141592653589793
RZZ 1 14 3.141592653589793
RZZ 1 15 3.141592653589793
RZZ 1 16 3.141592653589793
RZZ 1 17 3.141592653589793
RZZ 1 18 3.141592653589793
RZZ 1 19 3.141592653589793
RZZ 1 20 3.141592653589793
RZZ 1 21 3.141592653589793
RZZ 1 22 3.141592653589793
RZZ 1 23 3.141592653589793
RZZ 1 24 3.141592653589793
RZZ 2 3 3.141592653589793
RZZ 2 4 3.141592653589793
RZZ 2 5 3.141592653589793
RZZ 2 6 3.141592653589793
RZZ 2 7 3.141592653589793
RZZ 2 8 3.141592653589793
RZZ 2 9 3.141592653589793
RZZ 2 10 3.141592653589793
RZZ 2 11 3.141592653589793
RZZ 2 12 3.141592653589793
RZZ 2 13 3.141592653589793
RZZ 2 14 3.141592653589793
RZZ 2 15 3.141592653589793
RZZ 2 16 3.141592653589793
RZZ 2 17 3.141592653589793
RZZ 2 18 3.141592653589793
RZZ 2 19 3.141592653589793
RZZ 2 20 3.141592653589793
RZZ 2 21 3.141592653589793
RZZ 2 22 3.141592653589793
RZZ 2 23 3.141592653589793
RZZ 2 24 3.141592653589793
RZZ 3 4 3.141592653589793
RZZ 3 5 3.141592653589793
RZZ 3 6 3.141592653589793
RZZ 3 7 3.141592653589793
RZZ 3 8 3.141592653589793
RZZ 3 9 3.141592653589793
RZZ 3 10 3.141592653589793
RZZ 3 11 3.141592653589793
RZZ 3 12 3.141592653589793
RZZ 3 13 3.141592653589793
RZZ 3 14 3.141592653589793
RZZ 3 15 3.141592653589793
RZZ 3 16 3.141592653589793
RZZ 3 17 3.141592653589793
RZZ 3 18 3.141592653589793
RZZ 3 19 3.141592653589793
RZZ 3 20 3.141592653589793
RZZ 3 21 3.141592653589793
RZZ 3 22 3.141592653589793
RZZ 3 23 3.141592653589793
RZZ 3 24 3.141592653589793
RZZ 4 5 3.141592653589793
RZZ 4 6 3.141592653589793
RZZ 4 7 3.141592653589793
RZZ 4 8 3.141592653589793
RZZ 4 9 3.141592653589793
RZZ 4 10 3.141592653589793
RZZ 4 11 3.141592653589793
RZZ 4 12 3.141592653589793
RZZ 4 13 3.141592653589793
RZZ 4 14 3.141592653589793
RZZ 4 15 3.141592653589793
RZZ 4 16 3.141592653589793
RZZ 4 17 3.141592653589793
RZZ 4 18 3.141592653589793
RZZ 4 19 3.141592653589793
RZZ 4 20 3.141592653589793
RZZ 4 21 3.141592653589793
RZZ 4 22 3.141592653589793
RZZ 4 23 3.141592653589793
RZZ 4 24 3.141592653589793
RZZ 5 6 3.141592653589793
RZZ 5 7 3.141592653589793
RZZ 5 8 3.141592653589793
RZZ 5 9 3.141592653589793
RZZ 5 10 3.141592653589793
RZZ 5 11 3.141592653589793
RZZ 5 12 3.141592653589793
RZZ 5 13 3.141592653589793
RZZ 5 14 3.141592653589793
RZZ 5 15 3.141592653589793
RZZ 5 16 3.141592653589793
RZZ 5 17 3.141592653589793
RZZ 5 18 3.141592653589793
RZZ 5 19 3.141592653589793
RZZ 5 20 3.141592653589793
RZZ 5 21 3.141592653589793
RZZ 5 22 3.141592653589793
RZZ 5 23 3.141592653589793
RZZ 5 24 3.141592653589793
RZZ 6 7 3.141592653589793
RZZ 6 8 3.141592653589793
RZZ 6 9 3.141592653589793
RZZ 6 10 3.141592653589793
RZZ 6 11 3.141592653589793
RZZ 6 12 3.141592653589793
RZZ 6 13 3.141592653589793
RZZ 6 14 3.141592653589793
RZZ 6 15 3.141592653589793
RZZ 6 16 3.141592653589793
RZZ 6 17 3.141592653589793
RZZ 6 18 3.141592653589793
RZZ 6 19 3.141592653589793
RZZ 6 20 3.141592653589793
RZZ 6 21 3.141592653589793
RZZ 6 22 3.141592653589793
RZZ 6 23 3.141592653589793
RZZ 6 24 3.141592653589793
RZZ 7 8 3.141592653589793
RZZ 7 9 3.141592653589793
RZZ 7 10 3.141592653589793
RZZ 7 11 3.141592653589793
RZZ 7 12 3.141592653589793
RZZ 7 13 3.141592653589793
RZZ 7 14 3.141592653589793
RZZ 7 15 3.141592653589793
RZZ 7 16 3.141592653589793
RZZ 7 17 3.141592653589793
RZZ 7 18 3.141592653589793
RZZ 7 19 3.141592653589793
RZZ 7 20 3.141592653589793
RZZ 7 21 3.141592653589793
RZZ 7 22 3.141592653589793
RZZ 7 23 3.141592653589793
RZZ 7 24 3.141592653589793
RZZ 8 9 3.141592653589793
RZZ 8 10 3.141592653589793
RZZ 8 11 3.141592653589793
RZZ 8 12 3.141592653589793
RZZ 8 13 3.141592653589793
RZZ 8 14 3.141592653589793
RZZ 8 15 3.141592653589793
RZZ 8 16 3.141592653589793
RZZ 8 17 3.141592653589793
RZZ 8 18 3.141592653589793
RZZ 8 19 3.141592653589793
RZZ 8 20 3.141592653589793
RZZ 8 21 3.141592653589793
RZZ 8 22 3.141592653589793
RZZ 8 23 3.141592653589793
RZZ 8 24 3.141592653589793
RZZ 9 10 3.141592653589793
RZZ 9 11 3.141592653589793
RZZ 9 12 3.141592653589793
RZZ 9 13 3.141592653589793
RZZ 9 14 3.141592653589793
RZZ 9 15 3.141592653589793
RZZ 9 16 3.141592653589793
RZZ 9 17 3.141592653589793
RZZ 9 18 3.141592653589793
RZZ 9 19 3.141592653589793
RZZ 9 20 3.141592653589793
RZZ 9 21 3.141592653589793
RZZ 9 22 3.141592653589793
RZZ 9 23 3.141592653589793
RZZ 9 24 3.141592653589793
RZZ 10 11 3.141592653589793
RZZ 10 12 3.141592653589793
RZZ 10 13 3.141592653589793
RZZ 10 14 3.141592653589793
RZZ 10 15 3.141592653589793
RZZ 10 16 3.141592653589793
RZZ 10 17 3.141592653589793
RZZ 10 18 3.141592653589793
RZZ 10 19 3.141592653589793
RZZ 10 20 3.141592653589793
RZZ 10 21 3.141592653589793
RZZ 10 22 3.141592653589793
RZZ 10 23 3.141592653589793
RZZ 10 24 3.141592653589793
RZZ 11 12 3.141592653589793
RZZ 11 13 3.141592653589793
RZZ 11 14 3.141592653589793
RZZ 11 15 3.141592653589793
RZZ 11 16 3.141592653589793
RZZ 11 17 3.141592653589793
RZZ 11 18 3.141592653589793
RZZ 11 19 3.141592653589793
RZZ 11 20 3.141592653589793
RZZ 11 21 3.141592653589793
RZZ 11 22 3.141592653589793
RZZ 11 23 3.141592653589793
RZZ 11 24 3.141592653589793
RZZ 12 13 3.141592653589793
RZZ 12 14 3.141592653589793
RZZ 12 15 3.141592653589793
RZZ 12 16 3.141592653589793
RZZ 12 17 3.141592653589793
RZZ 12 18 3.141592653589793
RZZ 12 19 3.141592653589793
RZZ 12 20 3.141592653589793
RZZ 12 21 3.141592653589793
RZZ 12 22 3.141592653589793
RZZ 12 23 3.141592653589793
RZZ 12 24 3.141592653589793
RZZ 13 14 3.141592653589793
RZZ 13 15 3.141592653589793
RZZ 13 16 3.141592653589793
RZZ 13 17 3.141592653589793
RZZ 13 18 3.141592653589793
RZZ 13 19 3.141592653589793
RZZ 13 20 3.141592653589793
RZZ 13 21 3.141592653589793
RZZ 13 22 3.141592653589793
RZZ 13 23 3.141592653589793
RZZ 13 24 3.141592653589793
RZZ 14 15 3.141592653589793
RZZ 14 16 3.141592653589793
RZZ 14 17 3.141592653589793
RZZ 14 18 3.141592653589793
RZZ 14 19 3.141592653589793
RZZ 14 20 3.141592653589793
RZZ 14 21 3.141592653589793
RZZ 14 22 3.141592653589793
RZZ 14 23 3.141592653589793
RZZ 14 24 3.141592653589793
RZZ 15 16 3.141592653589793
RZZ 15 17 3.141592653589793
RZZ 15 18 3.141592653589793
RZZ 15 19 3.141592653589793
RZZ 15 20 3.141592653589793
RZZ 15 21 3.141592653589793
RZZ 15 22 3.141592653589793
RZZ 15 23 3.141592653589793
RZZ 15 24 3.141592653589793
RZZ 16 17 3.141592653589793
RZZ 16 18 3.141592653589793
RZZ 16 19 3.141592653589793
RZZ 16 20 3.141592653589793
RZZ 16 21 3.141592653589793
RZZ 16 22 3.141592653589793
RZZ 16 23 3.141592653589793
RZZ 16 24 3.141592653589793
RZZ 17 18 3.141592653589793
RZZ 17 19 3.141592653589793
RZZ 17 20 3.141592653589793
RZZ 17 21 3.141592653589793
RZZ 17 22 3.141592653589793
RZZ 17 23 3.141592653589793
RZZ 17 24 3.141592653589793
RZZ 18 19 3.141592653589793
RZZ 18 20 3.141592653589793
RZZ 18 21 3.141592653589793
RZZ 18 22 3.141592653589793
RZZ 18 23 3.141592653589793
RZZ 18 24 3.141592653589793
RZZ 19 20 3.141592653589793
RZZ 19 21 3.141592653589793
RZZ 19 22 3.141592653589793
RZZ 19 23 3.141592653589793
RZZ 19 24 3.141592653589793
RZZ 20 21 3.141592653589793
RZZ 20 22 3.141592653589793
RZZ 20 23 3.141592653589793
RZZ 20 24 3.141592653589793
RZZ 21 22 3.141592653589793
RZZ 21 23 3.141592653589793
RZZ 21 24 3.141592653589793
RZZ 22 23 3.141592653589793
RZZ 22 24 3.141592653589793
RZZ 23 24 3.141592653589793
RX 0 3.141592653589793
RX 1 3.141592653589793
RX 2 3.141592653589793
RX 3 3.141592653589793
RX 4 3.141592653589793
RX 5 3.141592653589793
RX 6 3.141592653589793
RX 7 3.141592653589793
RX 8 3.141592653589793
RX 9 3.141592653589793
RX 10 3.141592653589793
RX 11 3.141592653589793
RX 12 3.141592653589793
RX 13 3.141592653589793
RX 14 3.141592653589793
RX 15 3.141592653589793
RX 16 3.141592653589793
RX 17 3.141592653589793
RX 18 3.141592653589793
RX 19 3.141592653589793
RX 20 3.141592653589793
RX 21 3.141592653589793
RX 22 3.141592653589793
RX 23 3.141592653589793
RX 24 3.141592653589793
RZZ 0 1 3.141592653589793
RZZ 0 2 3.141592653589793
RZZ 0 3 3.141592653589793
RZZ 0 4 3.141592653589793
RZZ 0 5 3.141592653589793
RZZ 0 6 3.141592653589793
RZZ 0 7 3.141592653589793
RZZ 0 8 3.141592653589793
RZZ 0 9 3.141592653589793
RZZ 0 10 3.141592653589793
RZZ 0 11 3.141592653589793
RZZ 0 12 3.141592653589793
RZZ 0 13 3.141592653589793
RZZ 0 14 3.141592653589793
RZZ 0 15 3.141592653589793
RZZ 0 16 3.141592653589793
RZZ 0 17 3.141592653589793
RZZ 0 18 3.141592653589793
RZZ 0 19 3.141592653589793
RZZ 0 20 3.141592653589793
RZZ 0 21 3.141592653589793
RZZ 0 22 3.141592653589793
RZZ 0 23 3.141592653589793
RZZ 0 24 3.141592653589793
RZZ 1 2 3.141592653589793
RZZ 1 3 3.141592653589793
RZZ 1 4 3.141592653589793
RZZ 1 5 3.141592653589793
RZZ 1 6 3.141592653589793
RZZ 1 7 3.141592653589793
RZZ 1 8 3.141592653589793
RZZ 1 9 3.141592653589793
RZZ 1 10 3.141592653589793
RZZ 1 11 3.141592653589793
RZZ 1 12 3.141592653589793
RZZ 1 13 3.141592653589793
RZZ 1 14 3.141592653589793
RZZ 1 15 3.141592653589793
RZZ 1 16 3.141592653589793
RZZ 1 17 3.141592653589793
RZZ 1 18 3.141592653589793
RZZ 1 19 3.141592653589793
RZZ 1 20 3.141592653589793
RZZ 1 21 3.141592653589793
RZZ 1 22 3.141592653589793
RZZ 1 23 3.141592653589793
RZZ 1 24 3.141592653589793
RZZ 2 3 3.141592653589793
RZZ 2 4 3.141592653589793
RZZ 2 5 3.141592653589793
RZZ 2 6 3.141592653589793
RZZ 2 7 3.141592653589793
RZZ 2 8 3.141592653589793
RZZ 2 9 3.141592653589793
RZZ 2 10 3.141592653589793
RZZ 2 11 3.141592653589793
RZZ 2 12 3.141592653589793
RZZ 2 13 3.141592653589793
RZZ 2 14 3.141592653589793
RZZ 2 15 3.141592653589793
RZZ 2 16 3.141592653589793
RZZ 2 17 3.141592653589793
RZZ 2 18 3.141592653589793
RZZ 2 19 3.141592653589793
RZZ 2 20 3.141592653589793
RZZ 2 21 3.141592653589793
RZZ 2 22 3.141592653589793
RZZ 2 23 3.141592653589793
RZZ 2 24 3.141592653589793
RZZ 3 4 3.141592653589793
RZZ 3 5 3.141592653589793
RZZ 3 6 3.141592653589793
RZZ 3 7 3.141592653589793
RZZ 3 8 3.141592653589793
RZZ 3 9 3.141592653589793
RZZ 3 10 3.141592653589793
RZZ 3 11 3.141592653589793
RZZ 3 12 3.141592653589793
RZZ 3 13 3.141592653589793
RZZ 3 14 3.141592653589793
RZZ 3 15 3.141592653589793
RZZ 3 16 3.141592653589793
RZZ 3 17 3.141592653589793
RZZ 3 18 3.141592653589793
RZZ 3 19 3.141592653589793
RZZ 3 20 3.141592653589793
RZZ 3 21 3.141592653589793
RZZ 3 22 3.141592653589793
RZZ 3 23 3.141592653589793
RZZ 3 24 3.141592653589793
RZZ 4 5 3.141592653589793
RZZ 4 6 3.141592653589793
RZZ 4 7 3.141592653589793
RZZ 4 8 3.141592653589793
RZZ 4 9 3.141592653589793
RZZ 4 10 3.141592653589793
RZZ 4 11 3.141592653589793
RZZ 4 12 3.141592653589793
RZZ 4 13 3.141592653589793
RZZ 4 14 3.141592653589793
RZZ 4 15 3.141592653589793
RZZ 4 16 3.141592653589793
RZZ 4 17 3.141592653589793
RZZ 4 18 3.141592653589793
RZZ 4 19 3.141592653589793
RZZ 4 20 3.141592653589793
RZZ 4 21 3.141592653589793
RZZ 4 22 3.141592653589793
RZZ 4 23 3.141592653589793
RZZ 4 24 3.141592653589793
RZZ 5 6 3.141592653589793
RZZ 5 7 3.141592653589793
RZZ 5 8 3.141592653589793
RZZ 5 9 3.141592653589793
RZZ 5 10 3.141592653589793
RZZ 5 11 3.141592653589793
RZZ 5 12 3.141592653589793
RZZ 5 13 3.141592653589793
RZZ 5 14 3.141592653589793
RZZ 5 15 3.141592653589793
RZZ 5 16 3.141592653589793
RZZ 5 17 3.141592653589793
RZZ 5 18 3.141592653589793
RZZ 5 19 3.141592653589793
RZZ 5 20 3.141592653589793
RZZ 5 21 3.141592653589793
RZZ 5 22 3.141592653589793
RZZ 5 23 3.141592653589793
RZZ 5 24 3.141592653589793
RZZ 6 7 3.141592653589793
RZZ 6 8 3.141592653589793
RZZ 6 9 3.141592653589793
RZZ 6 10 3.141592653589793
RZZ 6 11 3.141592653589793
RZZ 6 12 3.141592653589793
RZZ 6 13 3.141592653589793
RZZ 6 14 3.141592653589793
RZZ 6 15 3.141592653589793
RZZ 6 16 3.141592653589793
RZZ 6 17 3.141592653589793
RZZ 6 18 3.141592653589793
RZZ 6 19 3.141592653589793
RZZ 6 20 3.141592653589793
RZZ 6 21 3.141592653589793
RZZ 6 22 3.141592653589793
RZZ 6 23 3.141592653589793
RZZ 6 24 3.141592653589793
RZZ 7 8 3.141592653589793
RZZ 7 9 3.141592653589793
RZZ 7 10 3.141592653589793
RZZ 7 11 3.141592653589793
RZZ 7 12 3.141592653589793
RZZ 7 13 3.141592653589793
RZZ 7 14 3.141592653589793
RZZ 7 15 3.141592653589793
RZZ 7 16 3.141592653589793
RZZ 7 17 3.141592653589793
RZZ 7 18 3.141592653589793
RZZ 7 19 3.141592653589793
RZZ 7 20 3.141592653589793
RZZ 7 21 3.141592653589793
RZZ 7 22 3.141592653589793
RZZ 7 23 3.141592653589793
RZZ 7 24 3.141592653589793
RZZ 8 9 3.141592653589793
RZZ 8 10 3.141592653589793
RZZ 8 11 3.141592653589793
RZZ 8 12 3.141592653589793
RZZ 8 13 3.141592653589793
RZZ 8 14 3.141592653589793
RZZ 8 15 3.141592653589793
RZZ 8 16 3.141592653589793
RZZ 8 17 3.141592653589793
RZZ 8 18 3.141592653589793
RZZ 8 19 3.141592653589793
RZZ 8 20 3.141592653589793
RZZ 8 21 3.141592653589793
RZZ 8 22 3.141592653589793
RZZ 8 23 3.141592653589793
RZZ 8 24 3.141592653589793
RZZ 9 10 3.141592653589793
RZZ 9 11 3.141592653589793
RZZ 9 12 3.141592653589793
RZZ 9 13 3.141592653589793
RZZ 9 14 3.141592653589793
RZZ 9 15 3.141592653589793
RZZ 9 16 3.141592653589793
RZZ 9 17 3.141592653589793
RZZ 9 18 3.141592653589793
RZZ 9 19 3.141592653589793
RZZ 9 20 3.141592653589793
RZZ 9 21 3.141592653589793
RZZ 9 22 3.141592653589793
RZZ 9 23 3.141592653589793
RZZ 9 24 3.141592653589793
RZZ 10 11 3.141592653589793
RZZ 10 12 3.141592653589793
RZZ 10 13 3.141592653589793
RZZ 10 14 3.141592653589793
RZZ 10 15 3.141592653589793
RZZ 10 16 3.141592653589793
RZZ 10 17 3.141592653589793
RZZ 10 18 3.141592653589793
RZZ 10 19 3.141592653589793
RZZ 10 20 3.141592653589793
RZZ 10 21 3.141592653589793
RZZ 10 22 3.141592653589793
RZZ 10 23 3.141592653589793
RZZ 10 24 3.141592653589793
RZZ 11 12 3.141592653589793
RZZ 11 13 3.141592653589793
RZZ 11 14 3.141592653589793
RZZ 11 15 3.141592653589793
RZZ 11 16 3.141592653589793
RZZ 11 17 3.141592653589793
RZZ 11 18 3.141592653589793
RZZ 11 19 3.141592653589793
RZZ 11 20 3.141592653589793
RZZ 11 21 3.141592653589793
RZZ 11 22 3.141592653589793
RZZ 11 23 3.141592653589793
RZZ 11 24 3.141592653589793
RZZ 12 13 3.141592653589793
RZZ 12 14 3.141592653589793
RZZ 12 15 3.141592653589793
RZZ 12 16 3.141592653589793
RZZ 12 17 3.141592653589793
RZZ 12 18 3.141592653589793
RZZ 12 19 3.141592653589793
RZZ 12 20 3.141592653589793
RZZ 12 21 3.141592653589793
RZZ 12 22 3.141592653589793
RZZ 12 23 3.141592653589793
RZZ 12 24 3.141592653589793
RZZ 13 14 3.141592653589793
RZZ 13 15 3.141592653589793
RZZ 13 16 3.141592653589793
RZZ 13 17 3.141592653589793
RZZ 13 18 3.141592653589793
RZZ 13 19 3.141592653589793
RZZ 13 20 3.141592653589793
RZZ 13 21 3.141592653589793
RZZ 13 22 3.141592653589793
RZZ 13 23 3.141592653589793
RZZ 13 24 3.141592653589793
RZZ 14 15 3.141592653589793
RZZ 14 16 3.141592653589793
RZZ 14 17 3.141592653589793
RZZ 14 18 3.141592653589793
RZZ 14 19 3.141592653589793
RZZ 14 20 3.141592653589793
RZZ 14 21 3.141592653589793
RZZ 14 22 3.141592653589793
RZZ 14 23 3.141592653589793
RZZ 14 24 3.141592653589793
RZZ 15 16 3.141592653589793
RZZ 15 17 3.141592653589793
RZZ 15 18 3.141592653589793
RZZ 15 19 3.141592653589793
RZZ 15 20 3.141592653589793
RZZ 15 21 3.141592653589793
RZZ 15 22 3.141592653589793
RZZ 15 23 3.141592653589793
RZZ 15 24 3.141592653589793
RZZ 16 17 3.141592653589793
RZZ 16 18 3.141592653589793
RZZ 16 19 3.141592653589793
RZZ 16 20 3.141592653589793
RZZ 16 21 3.141592653589793
RZZ 16 22 3.141592653589793
RZZ 16 23 3.141592653589793
RZZ 16 24 3.141592653589793
RZZ 17 18 3.141592653589793
RZZ 17 19 3.141592653589793
RZZ 17 20 3.141592653589793
RZZ 17 21 3.141592653589793
RZZ 17 22 3.141592653589793
RZZ 17 23 3.141592653589793
RZZ 17 24 3.141592653589793
RZZ 18 19 3.141592653589793
RZZ 18 20 3.141592653589793
RZZ 18 21 3.141592653589793
RZZ 18 22 3.141592653589793
RZZ 18 23 3.141592653589793
RZZ 18 24 3.141592653589793
RZZ 19 20 3.141592653589793
RZZ 19 21 3.141592653589793
RZZ 19 22 3.141592653589793
RZZ 19 23 3.141592653589793
RZZ 19 24 3.141592653589793
RZZ 20 21 3.141592653589793
RZZ 20 22 3.141592653589793
RZZ 20 23 3.141592653589793
RZZ 20 24 3.141592653589793
RZZ 21 22 3.141592653589793
RZZ 21 23 3.141592653589793
RZZ 21 24 3.141592653589793
RZZ 22 23 3.141592653589793
RZZ 22 24 3.141592653589793
RZZ 23 24 3.141592653589793
RX 0 3.141592653589793
RX 1 3.141592653589793
RX 2 3.141592653589793
RX 3 3.141592653589793
RX 4 3.141592653589793
RX 5 3.141592653589793
RX 6 3.141592653589793
RX 7 3.141592653589793
RX 8 3.141592653589793
RX 9 3.141592653589793
RX 10 3.141592653589793
RX 11 3.141592653589793
RX 12 3.141592653589793
RX 13 3.141592653589793
RX 14 3.141592653589793
RX 15 3.141592653589793
RX 16 3.141592653589793
RX 17 3.141592653589793
RX 18 3.141592653589793
RX 19 3.141592653589793
RX 20 3.141592653589793
RX 21 3.141592653589793
RX 22 3.141592653589793
RX 23 3.141592653589793
RX 24 3.141592653589793
RZZ 0 1 3.141592653589793
RZZ 0 2 3.141592653589793
RZZ 0 3 3.141592653589793
RZZ 0 4 3.141592653589793
RZZ 0 5 3.141592653589793
RZZ 0 6 3.141592653589793
RZZ 0 7 3.141592653589793
RZZ 0 8 3.141592653589793
RZZ 0 9 3.141592653589793
RZZ 0 10 3.141592653589793
RZZ 0 11 3.141592653589793
RZZ 0 12 3.141592653589793
RZZ 0 13 3.141592653589793
RZZ 0 14 3.141592653589793
RZZ 0 15 3.141592653589793
RZZ 0 16 3.141592653589793
RZZ 0 17 3.141592653589793
RZZ 0 18 3.141592653589793
RZZ 0 19 3.141592653589793
RZZ 0 20 3.141592653589793
RZZ 0 21 3.141592653589793
RZZ 0 22 3.141592653589793
RZZ 0 23 3.141592653589793
RZZ 0 24 3.141592653589793
RZZ 1 2 3.141592653589793
RZZ 1 3 3.141592653589793
RZZ 1 4 3.141592653589793
RZZ 1 5 3.141592653589793
RZZ 1 6 3.141592653589793
RZZ 1 7 3.141592653589793
RZZ 1 8 3.141592653589793
RZZ 1 9 3.141592653589793
RZZ 1 10 3.141592653589793
RZZ 1 11 3.141592653589793
RZZ 1 12 3.141592653589793
RZZ 1 13 3.141592653589793
RZZ 1 14 3.141592653589793
RZZ 1 15 3.141592653589793
RZZ 1 16 3.141592653589793
RZZ 1 17 3.141592653589793
RZZ 1 18 3.141592653589793
RZZ 1 19 3.141592653589793
RZZ 1 20 3.141592653589793
RZZ 1 21 3.141592653589793
RZZ 1 22 3.141592653589793
RZZ 1 23 3.141592653589793
RZZ 1 24 3.141592653589793
RZZ 2 3 3.141592653589793
RZZ 2 4 3.141592653589793
RZZ 2 5 3.141592653589793
RZZ 2 6 3.141592653589793
RZZ 2 7 3.141592653589793
RZZ 2 8 3.141592653589793
RZZ 2 9 3.141592653589793
RZZ 2 10 3.141592653589793
RZZ 2 11 3.141592653589793
RZZ 2 12 3.141592653589793
RZZ 2 13 3.141592653589793
RZZ 2 14 3.141592653589793
RZZ 2 15 3.141592653589793
RZZ 2 16 3.141592653589793
RZZ 2 17 3.141592653589793
RZZ 2 18 3.141592653589793
RZZ 2 19 3.141592653589793
RZZ 2 20 3.141592653589793
RZZ 2 21 3.141592653589793
RZZ 2 22 3.141592653589793
RZZ 2 23 3.141592653589793
RZZ 2 24 3.141592653589793
RZZ 3 4 3.141592653589793
RZZ 3 5 3.141592653589793
RZZ 3 6 3.141592653589793
RZZ 3 7 3.141592653589793
RZZ 3 8 3.141592653589793
RZZ 3 9 3.141592653589793
RZZ 3 10 3.141592653589793
RZZ 3 11 3.141592653589793
RZZ 3 12 3.141592653589793
RZZ 3 13 3.141592653589793
RZZ 3 14 3.141592653589793
RZZ 3 15 3.141592653589793
RZZ 3 16 3.141592653589793
RZZ 3 17 3.141592653589793
RZZ 3 18 3.141592653589793
RZZ 3 19 3.141592653589793
RZZ 3 20 3.141592653589793
RZZ 3 21 3.141592653589793
RZZ 3 22 3.141592653589793
RZZ 3 23 3.141592653589793
RZZ 3 24 3.141592653589793
RZZ 4 5 3.141592653589793
RZZ 4 6 3.141592653589793
RZZ 4 7 3.141592653589793
RZZ 4 8 3.141592653589793
RZZ 4 9 3.141592653589793
RZZ 4 10 3.141592653589793
RZZ 4 11 3.141592653589793
RZZ 4 12 3.141592653589793
RZZ 4 13 3.141592653589793
RZZ 4 14 3.141592653589793
RZZ 4 15 3.141592653589793
RZZ 4 16 3.141592653589793
RZZ 4 17 3.141592653589793
RZZ 4 18 3.141592653589793
RZZ 4 19 3.141592653589793
RZZ 4 20 3.141592653589793
RZZ 4 21 3.141592653589793
RZZ 4 22 3.141592653589793
RZZ 4 23 3.141592653589793
RZZ 4 24 3.141592653589793
RZZ 5 6 3.141592653589793
RZZ 5 7 3.141592653589793
RZZ 5 8 3.141592653589793
RZZ 5 9 3.141592653589793
RZZ 5 10 3.141592653589793
RZZ 5 11 3.141592653589793
RZZ 5 12 3.141592653589793
RZZ 5 13 3.141592653589793
RZZ 5 14 3.141592653589793
RZZ 5 15 3.141592653589793
RZZ 5 16 3.141592653589793
RZZ 5 17 3.141592653589793
RZZ 5 18 3.141592653589793
RZZ 5 19 3.141592653589793
RZZ 5 20 3.141592653589793
RZZ 5 21 3.141592653589793
RZZ 5 22 3.141592653589793
RZZ 5 23 3.141592653589793
RZZ 5 24 3.141592653589793
RZZ 6 7 3.141592653589793
RZZ 6 8 3.141592653589793
RZZ 6 9 3.141592653589793
RZZ 6 10 3.141592653589793
RZZ 6 11 3.141592653589793
RZZ 6 12 3.141592653589793
RZZ 6 13 3.141592653589793
RZZ 6 14 3.141592653589793
RZZ 6 15 3.141592653589793
RZZ 6 16 3.141592653589793
RZZ 6 17 3.141592653589793
RZZ 6 18 3.141592653589793
RZZ 6 19 3.141592653589793
RZZ 6 20 3.141592653589793
RZZ 6 21 3.141592653589793
RZZ 6 22 3.141592653589793
RZZ 6 23 3.141592653589793
RZZ 6 24 3.141592653589793
RZZ 7 8 3.141592653589793
RZZ 7 9 3.141592653589793
RZZ 7 10 3.141592653589793
RZZ 7 11 3.141592653589793
RZZ 7 12 3.141592653589793
RZZ 7 13 3.141592653589793
RZZ 7 14 3.141592653589793
RZZ 7 15 3.141592653589793
RZZ 7 16 3.141592653589793
RZZ 7 17 3.141592653589793
RZZ 7 18 3.141592653589793
RZZ 7 19 3.141592653589793
RZZ 7 20 3.141592653589793
RZZ 7 21 3.141592653589793
RZZ 7 22 3.141592653589793
RZZ 7 23 3.141592653589793
RZZ 7 24 3.141592653589793
RZZ 8 9 3.141592653589793
RZZ 8 10 3.141592653589793
RZZ 8 11 3.141592653589793
RZZ 8 12 3.141592653589793
RZZ 8 13 3.141592653589793
RZZ 8 14 3.141592653589793
RZZ 8 15 3.141592653589793
RZZ 8 16 3.141592653589793
RZZ 8 17 3.141592653589793
RZZ 8 18 3.141592653589793
RZZ 8 19 3.141592653589793
RZZ 8 20 3.141592653589793
RZZ 8 21 3.141592653589793
RZZ 8 22 3.141592653589793
RZZ 8 23 3.141592653589793
RZZ 8 24 3.141592653589793
RZZ 9 10 3.141592653589793
RZZ 9 11 3.141592653589793
RZZ 9 12 3.141592653589793
RZZ 9 13 3.141592653589793
RZZ 9 14 3.141592653589793
RZZ 9 15 3.141592653589793
RZZ 9 16 3.141592653589793
RZZ 9 17 3.141592653589793
RZZ 9 18 3.141592653589793
RZZ 9 19 3.141592653589793
RZZ 9 20 3.141592653589793
RZZ 9 21 3.141592653589793
RZZ 9 22 3.141592653589793
RZZ 9 23 3.141592653589793
RZZ 9 24 3.141592653589793
RZZ 10 11 3.141592653589793
RZZ 10 12 3.141592653589793
RZZ 10 13 3.141592653589793
RZZ 10 14 3.141592653589793
RZZ 10 15 3.141592653589793
RZZ 10 16 3.141592653589793
RZZ 10 17 3.141592653589793
RZZ 10 18 3.141592653589793
RZZ 10 19 3.141592653589793
RZZ 10 20 3.141592653589793
RZZ 10 21 3.141592653589793
RZZ 10 22 3.141592653589793
RZZ 10 23 3.141592653589793
RZZ 10 24 3.141592653589793
RZZ 11 12 3.141592653589793
RZZ 11 13 3.141592653589793
RZZ 11 14 3.141592653589793
RZZ 11 15 3.141592653589793
RZZ 11 16 3.141592653589793
RZZ 11 17 3.141592653589793
RZZ 11 18 3.141592653589793
RZZ 11 19 3.141592653589793
RZZ 11 20 3.141592653589793
RZZ 11 21 3.141592653589793
RZZ 11 22 3.141592653589793
RZZ 11 23 3.141592653589793
RZZ 11 24 3.141592653589793
RZZ 12 13 3.141592653589793
RZZ 12 14 3.141592653589793
RZZ 12 15 3.141592653589793
RZZ 12 16 3.141592653589793
RZZ 12 17 3.141592653589793
RZZ 12 18 3.141592653589793
RZZ 12 19 3.141592653589793
RZZ 12 20 3.141592653589793
RZZ 12 21 3.141592653589793
RZZ 12 22 3.141592653589793
RZZ 12 23 3.141592653589793
RZZ 12 24 3.141592653589793
RZZ 13 14 3.141592653589793
RZZ 13 15 3.141592653589793
RZZ 13 16 3.141592653589793
RZZ 13 17 3.141592653589793
RZZ 13 18 3.141592653589793
RZZ 13 19 3.141592653589793
RZZ 13 20 3.141592653589793
RZZ 13 21 3.141592653589793
RZZ 13 22 3.141592653589793
RZZ 13 23 3.141592653589793
RZZ 13 24 3.141592653589793
RZZ 14 15 3.141592653589793
RZZ 14 16 3.141592653589793
RZZ 14 17 3.141592653589793
RZZ 14 18 3.141592653589793
RZZ 14 19 3.141592653589793
RZZ 14 20 3.141592653589793
RZZ 14 21 3.141592653589793
RZZ 14 22 3.141592653589793
RZZ 14 23 3.141592653589793
RZZ 14 24 3.141592653589793
RZZ 15 16 3.141592653589793
RZZ 15 17 3.141592653589793
RZZ 15 18 3.141592653589793
RZZ 15 19 3.141592653589793
RZZ 15 20 3.141592653589793
RZZ 15 21 3.141592653589793
RZZ 15 22 3.141592653589793
RZZ 15 23 3.141592653589793
RZZ 15 24 3.141592653589793
RZZ 16 17 3.141592653589793
RZZ 16 18 3.141592653589793
RZZ 16 19 3.141592653589793
RZZ 16 20 3.141592653589793
RZZ 16 21 3.141592653589793
RZZ 16 22 3.141592653589793
RZZ 16 23 3.141592653589793
RZZ 16 24 3.141592653589793
RZZ 17 18 3.141592653589793
RZZ 17 19 3.141592653589793
RZZ 17 20 3.141592653589793
RZZ 17 21 3.141592653589793
RZZ 17 22 3.141592653589793
RZZ 17 23 3.141592653589793
RZZ 17 24 3.141592653589793
RZZ 18 19 3.141592653589793
RZZ 18 20 3.141592653589793
RZZ 18 21 3.141592653589793
RZZ 18 22 3.141592653589793
RZZ 18 23 3.141592653589793
RZZ 18 24 3.141592653589793
RZZ 19 20 3.141592653589793
RZZ 19 21 3.141592653589793
RZZ 19 22 3.141592653589793
RZZ 19 23 3.141592653589793
RZZ 19 24 3.141592653589793
RZZ 20 21 3.141592653589793
RZZ 20 22 3.141592653589793
RZZ 20 23 3.141592653589793
RZZ 20 24 3.141592653589793
RZZ 21 22 3.141592653589793
RZZ 21 23 3.141592653589793
RZZ 21 24 3.141592653589793
RZZ 22 23 3.141592653589793
RZZ 22 24 3.141592653589793
RZZ 23 24 3.141592653589793
RX 0 3.141592653589793
RX 1 3.141592653589793
RX 2 3.141592653589793
RX 3 3.141592653589793
RX 4 3.141592653589793
RX 5 3.141592653589793
RX 6 3.141592653589793
RX 7 3.141592653589793
RX 8 3.141592653589793
RX 9 3.141592653589793
RX 10 3.141592653589793
RX 11 3.141592653589793
RX 12 3.141592653589793
RX 13 3.141592653589793
RX 14 3.141592653589793
RX 15 3.141592653589793
RX 16 3.141592653589793
RX 17 3.141592653589793
RX 18 3.141592653589793
RX 19 3.141592653589793
RX 20 3.141592653589793
RX 21 3.141592653589793
RX 22 3.141592653589793
RX 23 3.141592653589793
RX 24 3.141592653589793
RZZ 0 1 3.141592653589793
RZZ 0 2 3.141592653589793
RZZ 0 3 3.141592653589793
RZZ 0 4 3.141592653589793
RZZ 0 5 3.141592653589793
RZZ 0 6 3.141592653589793
RZZ 0 7 3.141592653589793
RZZ 0 8 3.141592653589793
RZZ 0 9 3.141592653589793
RZZ 0 10 3.141592653589793
RZZ 0 11 3.141592653589793
RZZ 0 12 3.141592653589793
RZZ 0 13 3.141592653589793
RZZ 0 14 3.141592653589793
RZZ 0 15 3.141592653589793
RZZ 0 16 3.141592653589793
RZZ 0 17 3.141592653589793
RZZ 0 18 3.141592653589793
RZZ 0 19 3.141592653589793
RZZ 0 20 3.141592653589793
RZZ 0 21 3.141592653589793
RZZ 0 22 3.141592653589793
RZZ 0 23 3.141592653589793
RZZ 0 24 3.141592653589793
RZZ 1 2 3.141592653589793
RZZ 1 3 3.141592653589793
RZZ 1 4 3.141592653589793
RZZ 1 5 3.141592653589793
RZZ 1 6 3.141592653589793
RZZ 1 7 3.141592653589793
RZZ 1 8 3.141592653589793
RZZ 1 9 3.141592653589793
RZZ 1 10 3.141592653589793
RZZ 1 11 3.141592653589793
RZZ 1 12 3.141592653589793
RZZ 1 13 3.141592653589793
RZZ 1 14 3.141592653589793
RZZ 1 15 3.141592653589793
RZZ 1 16 3.141592653589793
RZZ 1 17 3.141592653589793
RZZ 1 18 3.141592653589793
RZZ 1 19 3.141592653589793
RZZ 1 20 3.141592653589793
RZZ 1 21 3.141592653589793
RZZ 1 22 3.141592653589793
RZZ 1 23 3.141592653589793
RZZ 1 24 3.141592653589793
RZZ 2 3 3.141592653589793
RZZ 2 4 3.141592653589793
RZZ 2 5 3.141592653589793
RZZ 2 6 3.141592653589793
RZZ 2 7 3.141592653589793
RZZ 2 8 3.141592653589793
RZZ 2 9 3.141592653589793
RZZ 2 10 3.141592653589793
RZZ 2 11 3.141592653589793
RZZ 2 12 3.141592653589793
RZZ 2 13 3.141592653589793
RZZ 2 14 3.141592653589793
RZZ 2 15 3.141592653589793
RZZ 2 16 3.141592653589793
RZZ 2 17 3.141592653589793
RZZ 2 18 3.141592653589793
RZZ 2 19 3.141592653589793
RZZ 2 20 3.141592653589793
RZZ 2 21 3.141592653589793
RZZ 2 22 3.141592653589793
RZZ 2 23 3.141592653589793
RZZ 2 24 3.141592653589793
RZZ 3 4 3.141592653589793
RZZ 3 5 3.141592653589793
RZZ 3 6 3.141592653589793
RZZ 3 7 3.141592653589793
RZZ 3 8 3.141592653589793
RZZ 3 9 3.141592653589793
RZZ 3 10 3.141592653589793
RZZ 3 11 3.141592653589793
RZZ 3 12 3.141592653589793
RZZ 3 13 3.141592653589793
RZZ 3 14 3.141592653589793
RZZ 3 15 3.141592653589793
RZZ 3 16 3.141592653589793
RZZ 3 17 3.141592653589793
RZZ 3 18 3.141592653589793
RZZ 3 19 3.141592653589793
RZZ 3 20 3.141592653589793
RZZ 3 21 3.141592653589793
RZZ 3 22 3.141592653589793
RZZ 3 23 3.141592653589793
RZZ 3 24 3.141592653589793
RZZ 4 5 3.141592653589793
RZZ 4 6 3.141592653589793
RZZ 4 7 3.141592653589793
RZZ 4 8 3.141592653589793
RZZ 4 9 3.141592653589793
RZZ 4 10 3.141592653589793
RZZ 4 11 3.141592653589793
RZZ 4 12 3.141592653589793
RZZ 4 13 3.141592653589793
RZZ 4 14 3.141592653589793
RZZ 4 15 3.141592653589793
RZZ 4 16 3.141592653589793
RZZ 4 17 3.141592653589793
RZZ 4 18 3.141592653589793
RZZ 4 19 3.141592653589793
RZZ 4 20 3.141592653589793
RZZ 4 21 3.141592653589793
RZZ 4 22 3.141592653589793
RZZ 4 23 3.141592653589793
RZZ 4 24 3.141592653589793
RZZ 5 6 3.141592653589793
RZZ 5 7 3.141592653589793
RZZ 5 8 3.141592653589793
RZZ 5 9 3.141592653589793
RZZ 5 10 3.141592653589793
RZZ 5 11 3.141592653589793
RZZ 5 12 3.141592653589793
RZZ 5 13 3.141592653589793
RZZ 5 14 3.141592653589793
RZZ 5 15 3.141592653589793
RZZ 5 16 3.141592653589793
RZZ 5 17 3.141592653589793
RZZ 5 18 3.141592653589793
RZZ 5 19 3.141592653589793
RZZ 5 20 3.141592653589793
RZZ 5 21 3.141592653589793
RZZ 5 22 3.141592653589793
RZZ 5 23 3.141592653589793
RZZ 5 24 3.141592653589793
RZZ 6 7 3.141592653589793
RZZ 6 8 3.141592653589793
RZZ 6 9 3.141592653589793
RZZ 6 10 3.141592653589793
RZZ 6 11 3.141592653589793
RZZ 6 12 3.141592653589793
RZZ 6 13 3.141592653589793
RZZ 6 14 3.141592653589793
RZZ 6 15 3.141592653589793
RZZ 6 16 3.141592653589793
RZZ 6 17 3.141592653589793
RZZ 6 18 3.141592653589793
RZZ 6 19 3.141592653589793
RZZ 6 20 3.141592653589793
RZZ 6 21 3.141592653589793
RZZ 6 22 3.141592653589793
RZZ 6 23 3.141592653589793
RZZ 6 24 3.141592653589793
RZZ 7 8 3.141592653589793
RZZ 7 9 3.141592653589793
RZZ 7 10 3.141592653589793
RZZ 7 11 3.141592653589793
RZZ 7 12 3.141592653589793
RZZ 7 13 3.141592653589793
RZZ 7 14 3.141592653589793
RZZ 7 15 3.141592653589793
RZZ 7 16 3.141592653589793
RZZ 7 17 3.141592653589793
RZZ 7 18 3.141592653589793
RZZ 7 19 3.141592653589793
RZZ 7 20 3.141592653589793
RZZ 7 21 3.141592653589793
RZZ 7 22 3.141592653589793
RZZ 7 23 3.141592653589793
RZZ 7 24 3.141592653589793
RZZ 8 9 3.141592653589793
RZZ 8 10 3.141592653589793
RZZ 8 11 3.141592653589793
RZZ 8 12 3.141592653589793
RZZ 8 13 3.141592653589793
RZZ 8 14 3.141592653589793
RZZ 8 15 3.141592653589793
RZZ 8 16 3.141592653589793
RZZ 8 17 3.141592653589793
RZZ 8 18 3.141592653589793
RZZ 8 19 3.141592653589793
RZZ 8 20 3.141592653589793
RZZ 8 21 3.141592653589793
RZZ 8 22 3.141592653589793
RZZ 8 23 3.141592653589793
RZZ 8 24 3.141592653589793
RZZ 9 10 3.141592653589793
RZZ 9 11 3.141592653589793
RZZ 9 12 3.141592653589793
RZZ 9 13 3.141592653589793
RZZ 9 14 3.141592653589793
RZZ 9 15 3.141592653589793
RZZ 9 16 3.141592653589793
RZZ 9 17 3.141592653589793
RZZ 9 18 3.141592653589793
RZZ 9 19 3.141592653589793
RZZ 9 20 3.141592653589793
RZZ 9 21 3.141592653589793
RZZ 9 22 3.141592653589793
RZZ 9 23 3.141592653589793
RZZ 9 24 3.141592653589793
RZZ 10 11 3.141592653589793
RZZ 10 12 3.141592653589793
RZZ 10 13 3.141592653589793
RZZ 10 14 3.141592653589793
RZZ 10 15 3.141592653589793
RZZ 10 16 3.141592653589793
RZZ 10 17 3.141592653589793
RZZ 10 18 3.141592653589793
RZZ 10 19 3.141592653589793
RZZ 10 20 3.141592653589793
RZZ 10 21 3.141592653589793
RZZ 10 22 3.141592653589793
RZZ 10 23 3.141592653589793
RZZ 10 24 3.141592653589793
RZZ 11 12 3.141592653589793
RZZ 11 13 3.141592653589793
RZZ 11 14 3.141592653589793
RZZ 11 15 3.141592653589793
RZZ 11 16 3.141592653589793
RZZ 11 17 3.141592653589793
RZZ 11 18 3.141592653589793
RZZ 11 19 3.141592653589793
RZZ 11 20 3.141592653589793
RZZ 11 21 3.141592653589793
RZZ 11 22 3.141592653589793
RZZ 11 23 3.141592653589793
RZZ 11 24 3.141592653589793
RZZ 12 13 3.141592653589793
RZZ 12 14 3.141592653589793
RZZ 12 15 3.141592653589793
RZZ 12 16 3.141592653589793
RZZ 12 17 3.141592653589793
RZZ 12 18 3.141592653589793
RZZ 12 19 3.141592653589793
RZZ 12 20 3.141592653589793
RZZ 12 21 3.141592653589793
RZZ 12 22 3.141592653589793
RZZ 12 23 3.141592653589793
RZZ 12 24 3.141592653589793
RZZ 13 14 3.141592653589793
RZZ 13 15 3.141592653589793
RZZ 13 16 3.141592653589793
RZZ 13 17 3.141592653589793
RZZ 13 18 3.141592653589793
RZZ 13 19 3.141592653589793
RZZ 13 20 3.141592653589793
RZZ 13 21 3.141592653589793
RZZ 13 22 3.141592653589793
RZZ 13 23 3.141592653589793
RZZ 13 24 3.141592653589793
RZZ 14 15 3.141592653589793
RZZ 14 16 3.141592653589793
RZZ 14 17 3.141592653589793
RZZ 14 18 3.141592653589793
RZZ 14 19 3.141592653589793
RZZ 14 20 3.141592653589793
RZZ 14 21 3.141592653589793
RZZ 14 22 3.141592653589793
RZZ 14 23 3.141592653589793
RZZ 14 24 3.141592653589793
RZZ 15 16 3.141592653589793
RZZ 15 17 3.141592653589793
RZZ 15 18 3.141592653589793
RZZ 15 19 3.141592653589793
RZZ 15 20 3.141592653589793
RZZ 15 21 3.141592653589793
RZZ 15 22 3.141592653589793
RZZ 15 23 3.141592653589793
RZZ 15 24 3.141592653589793
RZZ 16 17 3.141592653589793
RZZ 16 18 3.141592653589793
RZZ 16 19 3.141592653589793
RZZ 16 20 3.141592653589793
RZZ 16 21 3.141592653589793
RZZ 16 22 3.141592653589793
RZZ 16 23 3.141592653589793
RZZ 16 24 3.141592653589793
RZZ 17 18 3.141592653589793
RZZ 17 19 3.141592653589793
RZZ 17 20 3.141592653589793
RZZ 17 21 3.141592653589793
RZZ 17 22 3.141592653589793
RZZ 17 23 3.141592653589793
RZZ 17 24 3.141592653589793
RZZ 18 19 3.141592653589793
RZZ 18 20 3.141592653589793
RZZ 18 21 3.141592653589793
RZZ 18 22 3.141592653589793
RZZ 18 23 3.141592653589793
RZZ 18 24 3.141592653589793
RZZ 19 20 3.141592653589793
RZZ 19 21 3.141592653589793
RZZ 19 22 3.141592653589793
RZZ 19 23 3.141592653589793
RZZ 19 24 3.141592653589793
RZZ 20 21 3.141592653589793
RZZ 20 22 3.141592653589793
RZZ 20 23 3.141592653589793
RZZ 20 24 3.141592653589793
RZZ 21 22 3.141592653589793
RZZ 21 23 3.141592653589793
RZZ 21 24 3.141592653589793
RZZ 22 23 3.141592653589793
RZZ 22 24 3.141592653589793
RZZ 23 24 3.141592653589793
RX 0 3.141592653589793
RX 1 3.141592653589793
RX 2 3.141592653589793
RX 3 3.141592653589793
RX 4 3.141592653589793
RX 5 3.141592653589793
RX 6 3.141592653589793
RX 7 3.141592653589793
RX 8 3.141592653589793
RX 9 3.141592653589793
RX 10 3.141592653589793
RX 11 3.141592653589793
RX 12 3.141592653589793
RX 13 3.141592653589793
RX 14 3.141592653589793
RX 15 3.141592653589793
RX 16 3.141592653589793
RX 17 3.141592653589793
RX 18 3.141592653589793
RX 19 3.141592653589793
RX 20 3.141592653589793
RX 21 3.141592653589793
RX 22 3.141592653589793
RX 23 3.141592653589793
RX 24 3.141592653589793
