55
H 0
H 1
H 2
H 3
H 4
H 5
H 6
H 7
H 8
H 9
RZZ 0 1 3.141592653589793
RZZ 0 2 3.141592653589793
RZZ 0 3 3.141592653589793
RZZ 0 4 3.141592653589793
RZZ 0 5 3.141592653589793
RZZ 0 6 3.141592653589793
RZZ 0 7 3.141592653589793
RZZ 0 8 3.141592653589793
RZZ 0 9 3.141592653589793
RZZ 1 2 3.141592653589793
RZZ 1 3 3.141592653589793
RZZ 1 4 3.141592653589793
RZZ 1 5 3.141592653589793
RZZ 1 6 3.141592653589793
RZZ 1 7 3.141592653589793
RZZ 1 8 3.141592653589793
RZZ 1 9 3.141592653589793
RZZ 2 3 3.141592653589793
RZZ 2 4 3.141592653589793
RZZ 2 5 3.141592653589793
RZZ 2 6 3.141592653589793
RZZ 2 7 3.141592653589793
RZZ 2 8 3.141592653589793
RZZ 2 9 3.141592653589793
RZZ 3 4 3.141592653589793
RZZ 3 5 3.141592653589793
RZZ 3 6 3.141592653589793
RZZ 3 7 3.141592653589793
RZZ 3 8 3.141592653589793
RZZ 3 9 3.141592653589793
RZZ 4 5 3.141592653589793
RZZ 4 6 3.141592653589793
RZZ 4 7 3.141592653589793
RZZ 4 8 3.141592653589793
RZZ 4 9 3.141592653589793
RZZ 5 6 3.141592653589793
RZZ 5 7 3.141592653589793
RZZ 5 8 3.141592653589793
RZZ 5 9 3.141592653589793
RZZ 6 7 3.141592653589793
RZZ 6 8 3.141592653589793
RZZ 6 9 3.141592653589793
RZZ 7 8 3.141592653589793
RZZ 7 9 3.141592653589793
RZZ 8 9 3.141592653589793
30
H 5
H 6
H 7
H 8
H 9
RZZ 0 5 3.141592653589793
RZZ 0 6 3.141592653589793
RZZ 0 7 3.141592653589793
RZZ 0 8 3.141592653589793
RZZ 0 9 3.141592653589793
RZZ 1 5 3.141592653589793
RZZ 1 6 3.141592653589793
RZZ 1 7 3.141592653589793
RZZ 1 8 3.141592653589793
RZZ 1 9 3.141592653589793
RZZ 2 5 3.141592653589793
RZZ 2 6 3.141592653589793
RZZ 2 7 3.141592653589793
RZZ 2 8 3.141592653589793
RZZ 2 9 3.141592653589793
RZZ 3 5 3.141592653589793
RZZ 3 6 3.141592653589793
RZZ 3 7 3.141592653589793
RZZ 3 8 3.141592653589793
RZZ 3 9 3.141592653589793
RZZ 4 5 3.141592653589793
RZZ 4 6 3.141592653589793
RZZ 4 7 3.141592653589793
RZZ 4 8 3.141592653589793
RZZ 4 9 3.141592653589793
35
RZZ 0 5 3.141592653589793
RZZ 0 6 3.141592653589793
RZZ 0 7 3.141592653589793
RZZ 0 8 3.141592653589793
RZZ 0 9 3.141592653589793
RZZ 1 5 3.141592653589793
RZZ 1 6 3.141592653589793
RZZ 1 7 3.141592653589793
RZZ 1 8 3.141592653589793
RZZ 1 9 3.141592653589793
RZZ 2 5 3.141592653589793
RZZ 2 6 3.141592653589793
RZZ 2 7 3.141592653589793
RZZ 2 8 3.141592653589793
RZZ 2 9 3.141592653589793
RZZ 3 5 3.141592653589793
RZZ 3 6 3.141592653589793
RZZ 3 7 3.141592653589793
RZZ 3 8 3.141592653589793
RZZ 3 9 3.141592653589793
RZZ 4 5 3.141592653589793
RZZ 4 6 3.141592653589793
RZZ 4 7 3.141592653589793
RZZ 4 8 3.141592653589793
RZZ 4 9 3.141592653589793
RZZ 5 6 3.141592653589793
RZZ 5 7 3.141592653589793
RZZ 5 8 3.141592653589793
RZZ 5 9 3.141592653589793
RZZ 6 7 3.141592653589793
RZZ 6 8 3.141592653589793
RZZ 6 9 3.141592653589793
RZZ 7 8 3.141592653589793
RZZ 7 9 3.141592653589793
RZZ 8 9 3.141592653589793
30
H 5
H 6
H 7
H 8
H 9
RZZ 0 5 3.141592653589793
RZZ 0 6 3.141592653589793
RZZ 0 7 3.141592653589793
RZZ 0 8 3.141592653589793
RZZ 0 9 3.141592653589793
RZZ 1 5 3.141592653589793
RZZ 1 6 3.141592653589793
RZZ 1 7 3.141592653589793
RZZ 1 8 3.141592653589793
RZZ 1 9 3.141592653589793
RZZ 2 5 3.141592653589793
RZZ 2 6 3.141592653589793
RZZ 2 7 3.141592653589793
RZZ 2 8 3.141592653589793
RZZ 2 9 3.141592653589793
RZZ 3 5 3.141592653589793
RZZ 3 6 3.141592653589793
RZZ 3 7 3.141592653589793
RZZ 3 8 3.141592653589793
RZZ 3 9 3.141592653589793
RZZ 4 5 3.141592653589793
RZZ 4 6 3.141592653589793
RZZ 4 7 3.141592653589793
RZZ 4 8 3.141592653589793
RZZ 4 9 3.141592653589793
30
H 5
H 6
H 7
H 8
H 9
RZZ 0 5 3.141592653589793
RZZ 0 6 3.141592653589793
RZZ 0 7 3.141592653589793
RZZ 0 8 3.141592653589793
RZZ 0 9 3.141592653589793
RZZ 1 5 3.141592653589793
RZZ 1 6 3.141592653589793
RZZ 1 7 3.141592653589793
RZZ 1 8 3.141592653589793
RZZ 1 9 3.141592653589793
RZZ 2 5 3.141592653589793
RZZ 2 6 3.141592653589793
RZZ 2 7 3.141592653589793
RZZ 2 8 3.141592653589793
RZZ 2 9 3.141592653589793
RZZ 3 5 3.141592653589793
RZZ 3 6 3.141592653589793
RZZ 3 7 3.141592653589793
RZZ 3 8 3.141592653589793
RZZ 3 9 3.141592653589793
RZZ 4 5 3.141592653589793
RZZ 4 6 3.141592653589793
RZZ 4 7 3.141592653589793
RZZ 4 8 3.141592653589793
RZZ 4 9 3.141592653589793
45
H 5
H 6
H 7
H 8
H 9
RZZ 0 5 3.141592653589793
RZZ 0 6 3.141592653589793
RZZ 0 7 3.141592653589793
RZZ 0 8 3.141592653589793
RZZ 0 9 3.141592653589793
RZZ 1 5 3.141592653589793
RZZ 1 6 3.141592653589793
RZZ 1 7 3.141592653589793
RZZ 1 8 3.141592653589793
RZZ 1 9 3.141592653589793
RZZ 2 5 3.141592653589793
RZZ 2 6 3.141592653589793
RZZ 2 7 3.141592653589793
RZZ 2 8 3.141592653589793
RZZ 2 9 3.141592653589793
RZZ 3 5 3.141592653589793
RZZ 3 6 3.141592653589793
RZZ 3 7 3.141592653589793
RZZ 3 8 3.141592653589793
RZZ 3 9 3.141592653589793
RZZ 4 5 3.141592653589793
RZZ 4 6 3.141592653589793
RZZ 4 7 3.141592653589793
RZZ 4 8 3.141592653589793
RZZ 4 9 3.141592653589793
RX 0 3.141592653589793
RX 1 3.141592653589793
RX 2 3.141592653589793
RX 3 3.141592653589793
RX 4 3.141592653589793
RZZ 0 1 3.141592653589793
RZZ 0 2 3.141592653589793
RZZ 0 3 3.141592653589793
RZZ 0 4 3.141592653589793
RZZ 1 2 3.141592653589793
RZZ 1 3 3.141592653589793
RZZ 1 4 3.141592653589793
RZZ 2 3 3.141592653589793
RZZ 2 4 3.141592653589793
RZZ 3 4 3.141592653589793
25
RZZ 0 5 3.141592653589793
RZZ 0 6 3.141592653589793
RZZ 0 7 3.141592653589793
RZZ 0 8 3.141592653589793
RZZ 0 9 3.141592653589793
RZZ 1 5 3.141592653589793
RZZ 1 6 3.141592653589793
RZZ 1 7 3.141592653589793
RZZ 1 8 3.141592653589793
RZZ 1 9 3.141592653589793
RZZ 2 5 3.141592653589793
RZZ 2 6 3.141592653589793
RZZ 2 7 3.141592653589793
RZZ 2 8 3.141592653589793
RZZ 2 9 3.141592653589793
RZZ 3 5 3.141592653589793
RZZ 3 6 3.141592653589793
RZZ 3 7 3.141592653589793
RZZ 3 8 3.141592653589793
RZZ 3 9 3.141592653589793
RZZ 4 5 3.141592653589793
RZZ 4 6 3.141592653589793
RZZ 4 7 3.141592653589793
RZZ 4 8 3.141592653589793
RZZ 4 9 3.141592653589793
35
RZZ 0 5 3.141592653589793
RZZ 0 6 3.141592653589793
RZZ 0 7 3.141592653589793
RZZ 0 8 3.141592653589793
RZZ 0 9 3.141592653589793
RZZ 1 5 3.141592653589793
RZZ 1 6 3.141592653589793
RZZ 1 7 3.141592653589793
RZZ 1 8 3.141592653589793
RZZ 1 9 3.141592653589793
RZZ 2 5 3.141592653589793
RZZ 2 6 3.141592653589793
RZZ 2 7 3.141592653589793
RZZ 2 8 3.141592653589793
RZZ 2 9 3.141592653589793
RZZ 3 5 3.141592653589793
RZZ 3 6 3.141592653589793
RZZ 3 7 3.141592653589793
RZZ 3 8 3.141592653589793
RZZ 3 9 3.141592653589793
RZZ 4 5 3.141592653589793
RZZ 4 6 3.141592653589793
RZZ 4 7 3.141592653589793
RZZ 4 8 3.141592653589793
RZZ 4 9 3.141592653589793
RZZ 5 6 3.141592653589793
RZZ 5 7 3.141592653589793
RZZ 5 8 3.141592653589793
RZZ 5 9 3.141592653589793
RZZ 6 7 3.141592653589793
RZZ 6 8 3.141592653589793
RZZ 6 9 3.141592653589793
RZZ 7 8 3.141592653589793
RZZ 7 9 3.141592653589793
RZZ 8 9 3.141592653589793
25
RZZ 0 5 3.141592653589793
RZZ 0 6 3.141592653589793
RZZ 0 7 3.141592653589793
RZZ 0 8 3.141592653589793
RZZ 0 9 3.141592653589793
RZZ 1 5 3.141592653589793
RZZ 1 6 3.141592653589793
RZZ 1 7 3.141592653589793
RZZ 1 8 3.141592653589793
RZZ 1 9 3.141592653589793
RZZ 2 5 3.141592653589793
RZZ 2 6 3.141592653589793
RZZ 2 7 3.141592653589793
RZZ 2 8 3.141592653589793
RZZ 2 9 3.141592653589793
RZZ 3 5 3.141592653589793
RZZ 3 6 3.141592653589793
RZZ 3 7 3.141592653589793
RZZ 3 8 3.141592653589793
RZZ 3 9 3.141592653589793
RZZ 4 5 3.141592653589793
RZZ 4 6 3.141592653589793
RZZ 4 7 3.141592653589793
RZZ 4 8 3.141592653589793
RZZ 4 9 3.141592653589793
28
RZZ 0 5 3.141592653589793
RZZ 0 6 3.141592653589793
RZZ 0 7 3.141592653589793
RZZ 0 8 3.141592653589793
RZZ 0 9 3.141592653589793
RZZ 1 5 3.141592653589793
RZZ 1 6 3.141592653589793
RZZ 1 7 3.141592653589793
RZZ 1 8 3.141592653589793
RZZ 1 9 3.141592653589793
RZZ 2 5 3.141592653589793
RZZ 2 6 3.141592653589793
RZZ 2 7 3.141592653589793
RZZ 2 8 3.141592653589793
RZZ 2 9 3.141592653589793
RZZ 3 5 3.141592653589793
RZZ 3 6 3.141592653589793
RZZ 3 7 3.141592653589793
RZZ 3 8 3.141592653589793
RZZ 3 9 3.141592653589793
RX 0 3.141592653589793
RX 1 3.141592653589793
RX 2 3.141592653589793
RX 3 3.141592653589793
RZZ 0 4 3.141592653589793
RZZ 0 1 3.141592653589793
RZZ 0 2 3.141592653589793
RZZ 0 3 3.141592653589793
25
RZZ 0 5 3.141592653589793
RZZ 0 6 3.141592653589793
RZZ 0 7 3.141592653589793
RZZ 0 8 3.141592653589793
RZZ 0 9 3.141592653589793
RZZ 1 5 3.141592653589793
RZZ 1 6 3.141592653589793
RZZ 1 7 3.141592653589793
RZZ 1 8 3.141592653589793
RZZ 1 9 3.141592653589793
RZZ 2 5 3.141592653589793
RZZ 2 6 3.141592653589793
RZZ 2 7 3.141592653589793
RZZ 2 8 3.141592653589793
RZZ 2 9 3.141592653589793
RZZ 3 5 3.141592653589793
RZZ 3 6 3.141592653589793
RZZ 3 7 3.141592653589793
RZZ 3 8 3.141592653589793
RZZ 3 9 3.141592653589793
RZZ 4 5 3.141592653589793
RZZ 4 6 3.141592653589793
RZZ 4 7 3.141592653589793
RZZ 4 8 3.141592653589793
RZZ 4 9 3.141592653589793
35
RZZ 0 5 3.141592653589793
RZZ 0 6 3.141592653589793
RZZ 0 7 3.141592653589793
RZZ 0 8 3.141592653589793
RZZ 0 9 3.141592653589793
RZZ 1 5 3.141592653589793
RZZ 1 6 3.141592653589793
RZZ 1 7 3.141592653589793
RZZ 1 8 3.141592653589793
RZZ 1 9 3.141592653589793
RZZ 2 5 3.141592653589793
RZZ 2 6 3.141592653589793
RZZ 2 7 3.141592653589793
RZZ 2 8 3.141592653589793
RZZ 2 9 3.141592653589793
RZZ 3 5 3.141592653589793
RZZ 3 6 3.141592653589793
RZZ 3 7 3.141592653589793
RZZ 3 8 3.141592653589793
RZZ 3 9 3.141592653589793
RZZ 4 5 3.141592653589793
RZZ 4 6 3.141592653589793
RZZ 4 7 3.141592653589793
RZZ 4 8 3.141592653589793
RZZ 4 9 3.141592653589793
RZZ 5 6 3.141592653589793
RZZ 5 7 3.141592653589793
RZZ 5 8 3.141592653589793
RZZ 5 9 3.141592653589793
RZZ 6 7 3.141592653589793
RZZ 6 8 3.141592653589793
RZZ 6 9 3.141592653589793
RZZ 7 8 3.141592653589793
RZZ 7 9 3.141592653589793
RZZ 8 9 3.141592653589793
28
RZZ 0 2 3.141592653589793
RZZ 0 3 3.141592653589793
RZZ 0 4 3.141592653589793
RZZ 0 5 3.141592653589793
RZZ 0 6 3.141592653589793
RZZ 2 7 3.141592653589793
RZZ 2 3 3.141592653589793
RZZ 2 4 3.141592653589793
RZZ 2 5 3.141592653589793
RZZ 2 6 3.141592653589793
RZZ 7 8 3.141592653589793
RZZ 3 7 3.141592653589793
RZZ 3 4 3.141592653589793
RZZ 3 5 3.141592653589793
RZZ 3 6 3.141592653589793
RZZ 8 9 3.141592653589793
RZZ 7 8 3.141592653589793
RZZ 4 7 3.141592653589793
RZZ 4 5 3.141592653589793
RZZ 4 6 3.141592653589793
RX 0 3.141592653589793
RX 2 3.141592653589793
RX 3 3.141592653589793
RX 4 3.141592653589793
RZZ 0 1 3.141592653589793
RZZ 0 2 3.141592653589793
RZZ 0 3 3.141592653589793
RZZ 0 4 3.141592653589793
39
RZZ 0 9 3.141592653589793
RZZ 0 6 3.141592653589793
RZZ 0 7 3.141592653589793
RZZ 0 8 3.141592653589793
RZZ 0 1 3.141592653589793
RZZ 0 2 3.141592653589793
RZZ 3 9 3.141592653589793
RZZ 3 6 3.141592653589793
RZZ 3 7 3.141592653589793
RZZ 3 8 3.141592653589793
RZZ 1 3 3.141592653589793
RZZ 1 2 3.141592653589793
RZZ 4 9 3.141592653589793
RZZ 4 6 3.141592653589793
RZZ 4 7 3.141592653589793
RZZ 4 8 3.141592653589793
RZZ 3 4 3.141592653589793
RZZ 2 3 3.141592653589793
RZZ 5 9 3.141592653589793
RZZ 5 6 3.141592653589793
RZZ 5 7 3.141592653589793
RZZ 5 8 3.141592653589793
RZZ 4 5 3.141592653589793
RZZ 3 4 3.141592653589793
RZZ 6 9 3.141592653589793
RZZ 6 7 3.141592653589793
RZZ 6 8 3.141592653589793
RZZ 5 6 3.141592653589793
RZZ 4 5 3.141592653589793
RZZ 7 9 3.141592653589793
RZZ 7 8 3.141592653589793
RZZ 6 7 3.141592653589793
RZZ 5 6 3.141592653589793
RZZ 8 9 3.141592653589793
RZZ 7 8 3.141592653589793
RZZ 6 7 3.141592653589793
RZZ 8 9 3.141592653589793
RZZ 7 8 3.141592653589793
RZZ 8 9 3.141592653589793
28
RZZ 7 8 3.141592653589793
RZZ 6 7 3.141592653589793
RZZ 5 6 3.141592653589793
RZZ 2 5 3.141592653589793
RZZ 2 4 3.141592653589793
RZZ 8 9 3.141592653589793
RZZ 7 8 3.141592653589793
RZZ 6 7 3.141592653589793
RZZ 5 6 3.141592653589793
RZZ 4 5 3.141592653589793
RZZ 0 9 3.141592653589793
RZZ 0 8 3.141592653589793
RZZ 0 7 3.141592653589793
RZZ 0 6 3.141592653589793
RZZ 0 5 3.141592653589793
RZZ 3 9 3.141592653589793
RZZ 3 8 3.141592653589793
RZZ 3 7 3.141592653589793
RZZ 3 6 3.141592653589793
RZZ 3 5 3.141592653589793
RX 2 3.141592653589793
RX 4 3.141592653589793
RX 0 3.141592653589793
RX 3 3.141592653589793
RZZ 1 2 3.141592653589793
RZZ 1 4 3.141592653589793
RZZ 0 1 3.141592653589793
RZZ 0 3 3.141592653589793
28
RZZ 1 9 3.141592653589793
RZZ 1 8 3.141592653589793
RZZ 1 7 3.141592653589793
RZZ 1 6 3.141592653589793
RZZ 1 5 3.141592653589793
RZZ 2 9 3.141592653589793
RZZ 2 8 3.141592653589793
RZZ 2 7 3.141592653589793
RZZ 2 6 3.141592653589793
RZZ 2 5 3.141592653589793
RZZ 3 9 3.141592653589793
RZZ 3 8 3.141592653589793
RZZ 3 7 3.141592653589793
RZZ 3 6 3.141592653589793
RZZ 3 5 3.141592653589793
RZZ 4 9 3.141592653589793
RZZ 4 8 3.141592653589793
RZZ 4 7 3.141592653589793
RZZ 4 6 3.141592653589793
RZZ 4 5 3.141592653589793
RX 1 3.141592653589793
RX 2 3.141592653589793
RX 3 3.141592653589793
RX 4 3.141592653589793
RZZ 0 1 3.141592653589793
RZZ 0 2 3.141592653589793
RZZ 0 3 3.141592653589793
RZZ 0 4 3.141592653589793
49
RZZ 1 9 3.141592653589793
RZZ 1 8 3.141592653589793
RZZ 1 7 3.141592653589793
RZZ 1 6 3.141592653589793
RZZ 1 5 3.141592653589793
RZZ 2 9 3.141592653589793
RZZ 2 8 3.141592653589793
RZZ 2 7 3.141592653589793
RZZ 2 6 3.141592653589793
RZZ 2 5 3.141592653589793
RZZ 3 9 3.141592653589793
RZZ 3 8 3.141592653589793
RZZ 3 7 3.141592653589793
RZZ 3 6 3.141592653589793
RZZ 3 5 3.141592653589793
RZZ 4 9 3.141592653589793
RZZ 4 8 3.141592653589793
RZZ 4 7 3.141592653589793
RZZ 4 6 3.141592653589793
RZZ 4 5 3.141592653589793
RZZ 8 9 3.141592653589793
RZZ 7 8 3.141592653589793
RZZ 6 7 3.141592653589793
RZZ 5 6 3.141592653589793
RZZ 8 9 3.141592653589793
RZZ 7 8 3.141592653589793
RZZ 6 7 3.141592653589793
RZZ 8 9 3.141592653589793
RZZ 7 8 3.141592653589793
RZZ 8 9 3.141592653589793
RX 1 3.141592653589793
RX 2 3.141592653589793
RX 3 3.141592653589793
RX 4 3.141592653589793
RX 5 3.141592653589793
RX 6 3.141592653589793
RX 7 3.141592653589793
RX 8 3.141592653589793
RX 9 3.141592653589793
RZZ 0 1 3.141592653589793
RZZ 0 2 3.141592653589793
RZZ 0 3 3.141592653589793
RZZ 0 4 3.141592653589793
RZZ 0 5 3.141592653589793
RZZ 0 6 3.141592653589793
RZZ 0 7 3.141592653589793
RZZ 0 8 3.141592653589793
RZZ 0 9 3.141592653589793
RX 0 3.141592653589793
25
RZZ 0 2 3.141592653589793
RZZ 0 3 3.141592653589793
RZZ 0 8 3.141592653589793
RZZ 0 9 3.141592653589793
RZZ 0 7 3.141592653589793
RZZ 1 2 3.141592653589793
RZZ 1 3 3.141592653589793
RZZ 1 8 3.141592653589793
RZZ 1 9 3.141592653589793
RZZ 1 7 3.141592653589793
RZZ 2 4 3.141592653589793
RZZ 2 3 3.141592653589793
RZZ 2 8 3.141592653589793
RZZ 2 9 3.141592653589793
RZZ 2 7 3.141592653589793
RZZ 4 5 3.141592653589793
RZZ 3 4 3.141592653589793
RZZ 3 8 3.141592653589793
RZZ 3 9 3.141592653589793
RZZ 3 7 3.141592653589793
RZZ 5 6 3.141592653589793
RZZ 4 5 3.141592653589793
RZZ 4 8 3.141592653589793
RZZ 4 9 3.141592653589793
RZZ 4 7 3.141592653589793
35
RZZ 0 6 3.141592653589793
RZZ 0 5 3.141592653589793
RZZ 0 8 3.141592653589793
RZZ 0 9 3.141592653589793
RZZ 0 7 3.141592653589793
RZZ 1 6 3.141592653589793
RZZ 1 5 3.141592653589793
RZZ 1 8 3.141592653589793
RZZ 1 9 3.141592653589793
RZZ 1 7 3.141592653589793
RZZ 2 6 3.141592653589793
RZZ 2 5 3.141592653589793
RZZ 2 8 3.141592653589793
RZZ 2 9 3.141592653589793
RZZ 2 7 3.141592653589793
RZZ 3 6 3.141592653589793
RZZ 3 5 3.141592653589793
RZZ 3 8 3.141592653589793
RZZ 3 9 3.141592653589793
RZZ 3 7 3.141592653589793
RZZ 4 6 3.141592653589793
RZZ 4 5 3.141592653589793
RZZ 4 8 3.141592653589793
RZZ 4 9 3.141592653589793
RZZ 4 7 3.141592653589793
RZZ 5 6 3.141592653589793
RZZ 5 8 3.141592653589793
RZZ 5 9 3.141592653589793
RZZ 5 7 3.141592653589793
RZZ 6 8 3.141592653589793
RZZ 6 9 3.141592653589793
RZZ 6 7 3.141592653589793
RZZ 8 9 3.141592653589793
RZZ 7 8 3.141592653589793
RZZ 8 9 3.141592653589793
25
RZZ 0 3 3.141592653589793
RZZ 0 4 3.141592653589793
RZZ 0 5 3.141592653589793
RZZ 0 6 3.141592653589793
RZZ 0 7 3.141592653589793
RZZ 1 3 3.141592653589793
RZZ 1 4 3.141592653589793
RZZ 1 5 3.141592653589793
RZZ 1 6 3.141592653589793
RZZ 1 7 3.141592653589793
RZZ 2 3 3.141592653589793
RZZ 2 4 3.141592653589793
RZZ 2 5 3.141592653589793
RZZ 2 6 3.141592653589793
RZZ 2 7 3.141592653589793
RZZ 3 8 3.141592653589793
RZZ 3 4 3.141592653589793
RZZ 3 5 3.141592653589793
RZZ 3 6 3.141592653589793
RZZ 3 7 3.141592653589793
RZZ 8 9 3.141592653589793
RZZ 4 8 3.141592653589793
RZZ 4 5 3.141592653589793
RZZ 4 6 3.141592653589793
RZZ 4 7 3.141592653589793
25
RZZ 0 9 3.141592653589793
RZZ 0 8 3.141592653589793
RZZ 0 5 3.141592653589793
RZZ 0 6 3.141592653589793
RZZ 0 7 3.141592653589793
RZZ 1 9 3.141592653589793
RZZ 1 8 3.141592653589793
RZZ 1 5 3.141592653589793
RZZ 1 6 3.141592653589793
RZZ 1 7 3.141592653589793
RZZ 2 9 3.141592653589793
RZZ 2 8 3.141592653589793
RZZ 2 5 3.141592653589793
RZZ 2 6 3.141592653589793
RZZ 2 7 3.141592653589793
RZZ 3 9 3.141592653589793
RZZ 3 8 3.141592653589793
RZZ 3 5 3.141592653589793
RZZ 3 6 3.141592653589793
RZZ 3 7 3.141592653589793
RZZ 4 9 3.141592653589793
RZZ 4 8 3.141592653589793
RZZ 4 5 3.141592653589793
RZZ 4 6 3.141592653589793
RZZ 4 7 3.141592653589793
35
RZZ 0 9 3.141592653589793
RZZ 0 8 3.141592653589793
RZZ 0 5 3.141592653589793
RZZ 0 6 3.141592653589793
RZZ 0 7 3.141592653589793
RZZ 1 9 3.141592653589793
RZZ 1 8 3.141592653589793
RZZ 1 5 3.141592653589793
RZZ 1 6 3.141592653589793
RZZ 1 7 3.141592653589793
RZZ 2 9 3.141592653589793
RZZ 2 8 3.141592653589793
RZZ 2 5 3.141592653589793
RZZ 2 6 3.141592653589793
RZZ 2 7 3.141592653589793
RZZ 3 9 3.141592653589793
RZZ 3 8 3.141592653589793
RZZ 3 5 3.141592653589793
RZZ 3 6 3.141592653589793
RZZ 3 7 3.141592653589793
RZZ 4 9 3.141592653589793
RZZ 4 8 3.141592653589793
RZZ 4 5 3.141592653589793
RZZ 4 6 3.141592653589793
RZZ 4 7 3.141592653589793
RZZ 8 9 3.141592653589793
RZZ 5 8 3.141592653589793
RZZ 5 6 3.141592653589793
RZZ 5 7 3.141592653589793
RZZ 8 9 3.141592653589793
RZZ 6 8 3.141592653589793
RZZ 6 7 3.141592653589793
RZZ 8 9 3.141592653589793
RZZ 7 8 3.141592653589793
RZZ 8 9 3.141592653589793
25
RZZ 0 5 3.141592653589793
RZZ 0 1 3.141592653589793
RZZ 0 2 3.141592653589793
RZZ 0 3 3.141592653589793
RZZ 0 4 3.141592653589793
RZZ 5 6 3.141592653589793
RZZ 1 5 3.141592653589793
RZZ 1 2 3.141592653589793
RZZ 1 3 3.141592653589793
RZZ 1 4 3.141592653589793
RZZ 6 7 3.141592653589793
RZZ 5 6 3.141592653589793
RZZ 2 5 3.141592653589793
RZZ 2 3 3.141592653589793
RZZ 2 4 3.141592653589793
RZZ 7 8 3.141592653589793
RZZ 6 7 3.141592653589793
RZZ 5 6 3.141592653589793
RZZ 3 5 3.141592653589793
RZZ 3 4 3.141592653589793
RZZ 8 9 3.141592653589793
RZZ 7 8 3.141592653589793
RZZ 6 7 3.141592653589793
RZZ 5 6 3.141592653589793
RZZ 4 5 3.141592653589793
40
RZZ 0 6 3.141592653589793
RZZ 0 7 3.141592653589793
RZZ 0 8 3.141592653589793
RZZ 0 9 3.141592653589793
RZZ 1 6 3.141592653589793
RZZ 1 7 3.141592653589793
RZZ 1 8 3.141592653589793
RZZ 1 9 3.141592653589793
RZZ 2 6 3.141592653589793
RZZ 2 7 3.141592653589793
RZZ 2 8 3.141592653589793
RZZ 2 9 3.141592653589793
RZZ 3 6 3.141592653589793
RZZ 3 7 3.141592653589793
RZZ 3 8 3.141592653589793
RZZ 3 9 3.141592653589793
RZZ 4 6 3.141592653589793
RZZ 4 7 3.141592653589793
RZZ 4 8 3.141592653589793
RZZ 4 9 3.141592653589793
RX 0 3.141592653589793
RX 1 3.141592653589793
RX 2 3.141592653589793
RX 3 3.141592653589793
RX 4 3.141592653589793
RZZ 0 5 3.141592653589793
RZZ 0 1 3.141592653589793
RZZ 0 2 3.141592653589793
RZZ 0 3 3.141592653589793
RZZ 0 4 3.141592653589793
RZZ 1 5 3.141592653589793
RZZ 1 2 3.141592653589793
RZZ 1 3 3.141592653589793
RZZ 1 4 3.141592653589793
RZZ 2 5 3.141592653589793
RZZ 2 3 3.141592653589793
RZZ 2 4 3.141592653589793
RZZ 3 5 3.141592653589793
RZZ 3 4 3.141592653589793
RZZ 4 5 3.141592653589793
25
RZZ 4 5 3.141592653589793
RZZ 3 4 3.141592653589793
RZZ 2 3 3.141592653589793
RZZ 1 2 3.141592653589793
RZZ 0 1 3.141592653589793
RZZ 5 6 3.141592653589793
RZZ 4 5 3.141592653589793
RZZ 3 4 3.141592653589793
RZZ 2 3 3.141592653589793
RZZ 1 2 3.141592653589793
RZZ 6 7 3.141592653589793
RZZ 5 6 3.141592653589793
RZZ 4 5 3.141592653589793
RZZ 3 4 3.141592653589793
RZZ 2 3 3.141592653589793
RZZ 7 8 3.141592653589793
RZZ 6 7 3.141592653589793
RZZ 5 6 3.141592653589793
RZZ 4 5 3.141592653589793
RZZ 3 4 3.141592653589793
RZZ 8 9 3.141592653589793
RZZ 7 8 3.141592653589793
RZZ 6 7 3.141592653589793
RZZ 5 6 3.141592653589793
RZZ 4 5 3.141592653589793
30
RZZ 0 6 3.141592653589793
RZZ 0 7 3.141592653589793
RZZ 0 8 3.141592653589793
RZZ 0 9 3.141592653589793
RZZ 1 6 3.141592653589793
RZZ 1 7 3.141592653589793
RZZ 1 8 3.141592653589793
RZZ 1 9 3.141592653589793
RZZ 2 6 3.141592653589793
RZZ 2 7 3.141592653589793
RZZ 2 8 3.141592653589793
RZZ 2 9 3.141592653589793
RZZ 3 6 3.141592653589793
RZZ 3 7 3.141592653589793
RZZ 3 8 3.141592653589793
RZZ 3 9 3.141592653589793
RZZ 4 6 3.141592653589793
RZZ 4 7 3.141592653589793
RZZ 4 8 3.141592653589793
RZZ 4 9 3.141592653589793
RX 0 3.141592653589793
RX 1 3.141592653589793
RX 2 3.141592653589793
RX 3 3.141592653589793
RX 4 3.141592653589793
RZZ 0 5 3.141592653589793
RZZ 0 1 3.141592653589793
RZZ 0 2 3.141592653589793
RZZ 0 3 3.141592653589793
RZZ 0 4 3.141592653589793
35
RZZ 0 5 3.141592653589793
RZZ 0 1 3.141592653589793
RZZ 0 2 3.141592653589793
RZZ 0 3 3.141592653589793
RZZ 0 4 3.141592653589793
RZZ 5 6 3.141592653589793
RZZ 1 5 3.141592653589793
RZZ 1 2 3.141592653589793
RZZ 1 3 3.141592653589793
RZZ 1 4 3.141592653589793
RZZ 6 7 3.141592653589793
RZZ 5 6 3.141592653589793
RZZ 2 5 3.141592653589793
RZZ 2 3 3.141592653589793
RZZ 2 4 3.141592653589793
RZZ 7 8 3.141592653589793
RZZ 6 7 3.141592653589793
RZZ 5 6 3.141592653589793
RZZ 3 5 3.141592653589793
RZZ 3 4 3.141592653589793
RZZ 8 9 3.141592653589793
RZZ 7 8 3.141592653589793
RZZ 6 7 3.141592653589793
RZZ 5 6 3.141592653589793
RZZ 4 5 3.141592653589793
RZZ 8 9 3.141592653589793
RZZ 7 8 3.141592653589793
RZZ 6 7 3.141592653589793
RZZ 5 6 3.141592653589793
RZZ 8 9 3.141592653589793
RZZ 7 8 3.141592653589793
RZZ 6 7 3.141592653589793
RZZ 8 9 3.141592653589793
RZZ 7 8 3.141592653589793
RZZ 8 9 3.141592653589793
25
RZZ 1 9 3.141592653589793
RZZ 1 8 3.141592653589793
RZZ 1 7 3.141592653589793
RZZ 1 6 3.141592653589793
RZZ 0 1 3.141592653589793
RZZ 2 9 3.141592653589793
RZZ 2 8 3.141592653589793
RZZ 2 7 3.141592653589793
RZZ 2 6 3.141592653589793
RZZ 1 2 3.141592653589793
RZZ 3 9 3.141592653589793
RZZ 3 8 3.141592653589793
RZZ 3 7 3.141592653589793
RZZ 3 6 3.141592653589793
RZZ 2 3 3.141592653589793
RZZ 4 9 3.141592653589793
RZZ 4 8 3.141592653589793
RZZ 4 7 3.141592653589793
RZZ 4 6 3.141592653589793
RZZ 3 4 3.141592653589793
RZZ 5 9 3.141592653589793
RZZ 5 8 3.141592653589793
RZZ 5 7 3.141592653589793
RZZ 5 6 3.141592653589793
RZZ 4 5 3.141592653589793
35
RZZ 0 9 3.141592653589793
RZZ 0 8 3.141592653589793
RZZ 0 7 3.141592653589793
RZZ 0 6 3.141592653589793
RZZ 0 5 3.141592653589793
RZZ 1 9 3.141592653589793
RZZ 1 8 3.141592653589793
RZZ 1 7 3.141592653589793
RZZ 1 6 3.141592653589793
RZZ 1 5 3.141592653589793
RZZ 2 9 3.141592653589793
RZZ 2 8 3.141592653589793
RZZ 2 7 3.141592653589793
RZZ 2 6 3.141592653589793
RZZ 2 5 3.141592653589793
RZZ 3 9 3.141592653589793
RZZ 3 8 3.141592653589793
RZZ 3 7 3.141592653589793
RZZ 3 6 3.141592653589793
RZZ 3 5 3.141592653589793
RZZ 4 9 3.141592653589793
RZZ 4 8 3.141592653589793
RZZ 4 7 3.141592653589793
RZZ 4 6 3.141592653589793
RZZ 4 5 3.141592653589793
RZZ 8 9 3.141592653589793
RZZ 7 8 3.141592653589793
RZZ 6 7 3.141592653589793
RZZ 5 6 3.141592653589793
RZZ 8 9 3.141592653589793
RZZ 7 8 3.141592653589793
RZZ 6 7 3.141592653589793
RZZ 8 9 3.141592653589793
RZZ 7 8 3.141592653589793
RZZ 8 9 3.141592653589793
30
RZZ 1 4 3.141592653589793
RZZ 1 5 3.141592653589793
RZZ 1 7 3.141592653589793
RZZ 1 9 3.141592653589793
RZZ 2 4 3.141592653589793
RZZ 2 5 3.141592653589793
RZZ 2 7 3.141592653589793
RZZ 2 9 3.141592653589793
RZZ 3 4 3.141592653589793
RZZ 3 5 3.141592653589793
RZZ 3 7 3.141592653589793
RZZ 3 9 3.141592653589793
RZZ 4 6 3.141592653589793
RZZ 4 5 3.141592653589793
RZZ 4 7 3.141592653589793
RZZ 4 9 3.141592653589793
RZZ 6 8 3.141592653589793
RZZ 5 6 3.141592653589793
RZZ 5 7 3.141592653589793
RZZ 5 9 3.141592653589793
RX 1 3.141592653589793
RX 2 3.141592653589793
RX 3 3.141592653589793
RX 4 3.141592653589793
RX 5 3.141592653589793
RZZ 0 1 3.141592653589793
RZZ 0 2 3.141592653589793
RZZ 0 3 3.141592653589793
RZZ 0 4 3.141592653589793
RZZ 0 5 3.141592653589793
30
RZZ 1 8 3.141592653589793
RZZ 1 6 3.141592653589793
RZZ 1 7 3.141592653589793
RZZ 1 9 3.141592653589793
RZZ 2 8 3.141592653589793
RZZ 2 6 3.141592653589793
RZZ 2 7 3.141592653589793
RZZ 2 9 3.141592653589793
RZZ 3 8 3.141592653589793
RZZ 3 6 3.141592653589793
RZZ 3 7 3.141592653589793
RZZ 3 9 3.141592653589793
RZZ 4 8 3.141592653589793
RZZ 4 6 3.141592653589793
RZZ 4 7 3.141592653589793
RZZ 4 9 3.141592653589793
RZZ 5 8 3.141592653589793
RZZ 5 6 3.141592653589793
RZZ 5 7 3.141592653589793
RZZ 5 9 3.141592653589793
RX 1 3.141592653589793
RX 2 3.141592653589793
RX 3 3.141592653589793
RX 4 3.141592653589793
RX 5 3.141592653589793
RZZ 0 1 3.141592653589793
RZZ 0 2 3.141592653589793
RZZ 0 3 3.141592653589793
RZZ 0 4 3.141592653589793
RZZ 0 5 3.141592653589793
45
RZZ 1 8 3.141592653589793
RZZ 1 6 3.141592653589793
RZZ 1 7 3.141592653589793
RZZ 1 9 3.141592653589793
RZZ 2 8 3.141592653589793
RZZ 2 6 3.141592653589793
RZZ 2 7 3.141592653589793
RZZ 2 9 3.141592653589793
RZZ 3 8 3.141592653589793
RZZ 3 6 3.141592653589793
RZZ 3 7 3.141592653589793
RZZ 3 9 3.141592653589793
RZZ 4 8 3.141592653589793
RZZ 4 6 3.141592653589793
RZZ 4 7 3.141592653589793
RZZ 4 9 3.141592653589793
RZZ 5 8 3.141592653589793
RZZ 5 6 3.141592653589793
RZZ 5 7 3.141592653589793
RZZ 5 9 3.141592653589793
RZZ 6 8 3.141592653589793
RZZ 6 7 3.141592653589793
RZZ 6 9 3.141592653589793
RZZ 7 8 3.141592653589793
RZZ 7 9 3.141592653589793
RZZ 8 9 3.141592653589793
RX 1 3.141592653589793
RX 2 3.141592653589793
RX 3 3.141592653589793
RX 4 3.141592653589793
RX 5 3.141592653589793
RX 6 3.141592653589793
RX 7 3.141592653589793
RX 8 3.141592653589793
RX 9 3.141592653589793
RZZ 0 1 3.141592653589793
RZZ 0 2 3.141592653589793
RZZ 0 3 3.141592653589793
RZZ 0 4 3.141592653589793
RZZ 0 5 3.141592653589793
RZZ 0 6 3.141592653589793
RZZ 0 7 3.141592653589793
RZZ 0 8 3.141592653589793
RZZ 0 9 3.141592653589793
RX 0 3.141592653589793
25
RZZ 0 5 3.141592653589793
RZZ 0 6 3.141592653589793
RZZ 0 7 3.141592653589793
RZZ 0 8 3.141592653589793
RZZ 0 9 3.141592653589793
RZZ 1 5 3.141592653589793
RZZ 1 6 3.141592653589793
RZZ 1 7 3.141592653589793
RZZ 1 8 3.141592653589793
RZZ 1 9 3.141592653589793
RZZ 2 5 3.141592653589793
RZZ 2 6 3.141592653589793
RZZ 2 7 3.141592653589793
RZZ 2 8 3.141592653589793
RZZ 2 9 3.141592653589793
RZZ 3 5 3.141592653589793
RZZ 3 6 3.141592653589793
RZZ 3 7 3.141592653589793
RZZ 3 8 3.141592653589793
RZZ 3 9 3.141592653589793
RZZ 4 5 3.141592653589793
RZZ 4 6 3.141592653589793
RZZ 4 7 3.141592653589793
RZZ 4 8 3.141592653589793
RZZ 4 9 3.141592653589793
35
RZZ 0 5 3.141592653589793
RZZ 0 6 3.141592653589793
RZZ 0 7 3.141592653589793
RZZ 0 8 3.141592653589793
RZZ 0 9 3.141592653589793
RZZ 1 5 3.141592653589793
RZZ 1 6 3.141592653589793
RZZ 1 7 3.141592653589793
RZZ 1 8 3.141592653589793
RZZ 1 9 3.141592653589793
RZZ 2 5 3.141592653589793
RZZ 2 6 3.141592653589793
RZZ 2 7 3.141592653589793
RZZ 2 8 3.141592653589793
RZZ 2 9 3.141592653589793
RZZ 3 5 3.141592653589793
RZZ 3 6 3.141592653589793
RZZ 3 7 3.141592653589793
RZZ 3 8 3.141592653589793
RZZ 3 9 3.141592653589793
RZZ 4 5 3.141592653589793
RZZ 4 6 3.141592653589793
RZZ 4 7 3.141592653589793
RZZ 4 8 3.141592653589793
RZZ 4 9 3.141592653589793
RZZ 5 6 3.141592653589793
RZZ 5 7 3.141592653589793
RZZ 5 8 3.141592653589793
RZZ 5 9 3.141592653589793
RZZ 6 7 3.141592653589793
RZZ 6 8 3.141592653589793
RZZ 6 9 3.141592653589793
RZZ 7 8 3.141592653589793
RZZ 7 9 3.141592653589793
RZZ 8 9 3.141592653589793
25
RZZ 0 1 3.141592653589793
RZZ 0 2 3.141592653589793
RZZ 0 3 3.141592653589793
RZZ 0 4 3.141592653589793
RZZ 0 5 3.141592653589793
RZZ 1 6 3.141592653589793
RZZ 1 2 3.141592653589793
RZZ 1 3 3.141592653589793
RZZ 1 4 3.141592653589793
RZZ 1 5 3.141592653589793
RZZ 6 7 3.141592653589793
RZZ 2 6 3.141592653589793
RZZ 2 3 3.141592653589793
RZZ 2 4 3.141592653589793
RZZ 2 5 3.141592653589793
RZZ 7 8 3.141592653589793
RZZ 6 7 3.141592653589793
RZZ 3 6 3.141592653589793
RZZ 3 4 3.141592653589793
RZZ 3 5 3.141592653589793
RZZ 8 9 3.141592653589793
RZZ 7 8 3.141592653589793
RZZ 6 7 3.141592653589793
RZZ 4 6 3.141592653589793
RZZ 4 5 3.141592653589793
25
RZZ 0 9 3.141592653589793
RZZ 0 8 3.141592653589793
RZZ 0 7 3.141592653589793
RZZ 0 6 3.141592653589793
RZZ 0 5 3.141592653589793
RZZ 1 9 3.141592653589793
RZZ 1 8 3.141592653589793
RZZ 1 7 3.141592653589793
RZZ 1 6 3.141592653589793
RZZ 1 5 3.141592653589793
RZZ 2 9 3.141592653589793
RZZ 2 8 3.141592653589793
RZZ 2 7 3.141592653589793
RZZ 2 6 3.141592653589793
RZZ 2 5 3.141592653589793
RZZ 3 9 3.141592653589793
RZZ 3 8 3.141592653589793
RZZ 3 7 3.141592653589793
RZZ 3 6 3.141592653589793
RZZ 3 5 3.141592653589793
RZZ 4 9 3.141592653589793
RZZ 4 8 3.141592653589793
RZZ 4 7 3.141592653589793
RZZ 4 6 3.141592653589793
RZZ 4 5 3.141592653589793
35
RZZ 0 9 3.141592653589793
RZZ 0 8 3.141592653589793
RZZ 0 7 3.141592653589793
RZZ 0 6 3.141592653589793
RZZ 0 5 3.141592653589793
RZZ 1 9 3.141592653589793
RZZ 1 8 3.141592653589793
RZZ 1 7 3.141592653589793
RZZ 1 6 3.141592653589793
RZZ 1 5 3.141592653589793
RZZ 2 9 3.141592653589793
RZZ 2 8 3.141592653589793
RZZ 2 7 3.141592653589793
RZZ 2 6 3.141592653589793
RZZ 2 5 3.141592653589793
RZZ 3 9 3.141592653589793
RZZ 3 8 3.141592653589793
RZZ 3 7 3.141592653589793
RZZ 3 6 3.141592653589793
RZZ 3 5 3.141592653589793
RZZ 4 9 3.141592653589793
RZZ 4 8 3.141592653589793
RZZ 4 7 3.141592653589793
RZZ 4 6 3.141592653589793
RZZ 4 5 3.141592653589793
RZZ 8 9 3.141592653589793
RZZ 7 8 3.141592653589793
RZZ 6 7 3.141592653589793
RZZ 5 6 3.141592653589793
RZZ 8 9 3.141592653589793
RZZ 7 8 3.141592653589793
RZZ 6 7 3.141592653589793
RZZ 8 9 3.141592653589793
RZZ 7 8 3.141592653589793
RZZ 8 9 3.141592653589793
25
RZZ 0 4 3.141592653589793
RZZ 0 1 3.141592653589793
RZZ 0 2 3.141592653589793
RZZ 0 3 3.141592653589793
RZZ 0 5 3.141592653589793
RZZ 4 6 3.141592653589793
RZZ 1 4 3.141592653589793
RZZ 1 2 3.141592653589793
RZZ 1 3 3.141592653589793
RZZ 1 5 3.141592653589793
RZZ 6 7 3.141592653589793
RZZ 4 6 3.141592653589793
RZZ 2 4 3.141592653589793
RZZ 2 3 3.141592653589793
RZZ 2 5 3.141592653589793
RZZ 7 8 3.141592653589793
RZZ 6 7 3.141592653589793
RZZ 4 6 3.141592653589793
RZZ 3 4 3.141592653589793
RZZ 3 5 3.141592653589793
RZZ 8 9 3.141592653589793
RZZ 7 8 3.141592653589793
RZZ 6 7 3.141592653589793
RZZ 4 6 3.141592653589793
RZZ 4 5 3.141592653589793
40
RZZ 0 6 3.141592653589793
RZZ 0 7 3.141592653589793
RZZ 0 8 3.141592653589793
RZZ 0 9 3.141592653589793
RZZ 1 6 3.141592653589793
RZZ 1 7 3.141592653589793
RZZ 1 8 3.141592653589793
RZZ 1 9 3.141592653589793
RZZ 2 6 3.141592653589793
RZZ 2 7 3.141592653589793
RZZ 2 8 3.141592653589793
RZZ 2 9 3.141592653589793
RZZ 3 6 3.141592653589793
RZZ 3 7 3.141592653589793
RZZ 3 8 3.141592653589793
RZZ 3 9 3.141592653589793
RZZ 4 6 3.141592653589793
RZZ 4 7 3.141592653589793
RZZ 4 8 3.141592653589793
RZZ 4 9 3.141592653589793
RX 0 3.141592653589793
RX 1 3.141592653589793
RX 2 3.141592653589793
RX 3 3.141592653589793
RX 4 3.141592653589793
RZZ 0 5 3.141592653589793
RZZ 0 1 3.141592653589793
RZZ 0 2 3.141592653589793
RZZ 0 3 3.141592653589793
RZZ 0 4 3.141592653589793
RZZ 1 5 3.141592653589793
RZZ 1 2 3.141592653589793
RZZ 1 3 3.141592653589793
RZZ 1 4 3.141592653589793
RZZ 2 5 3.141592653589793
RZZ 2 3 3.141592653589793
RZZ 2 4 3.141592653589793
RZZ 3 5 3.141592653589793
RZZ 3 4 3.141592653589793
RZZ 4 5 3.141592653589793
25
RZZ 4 5 3.141592653589793
RZZ 3 4 3.141592653589793
RZZ 2 3 3.141592653589793
RZZ 1 2 3.141592653589793
RZZ 0 1 3.141592653589793
RZZ 5 6 3.141592653589793
RZZ 4 5 3.141592653589793
RZZ 3 4 3.141592653589793
RZZ 2 3 3.141592653589793
RZZ 1 2 3.141592653589793
RZZ 6 7 3.141592653589793
RZZ 5 6 3.141592653589793
RZZ 4 5 3.141592653589793
RZZ 3 4 3.141592653589793
RZZ 2 3 3.141592653589793
RZZ 7 8 3.141592653589793
RZZ 6 7 3.141592653589793
RZZ 5 6 3.141592653589793
RZZ 4 5 3.141592653589793
RZZ 3 4 3.141592653589793
RZZ 8 9 3.141592653589793
RZZ 7 8 3.141592653589793
RZZ 6 7 3.141592653589793
RZZ 5 6 3.141592653589793
RZZ 4 5 3.141592653589793
30
RZZ 0 6 3.141592653589793
RZZ 0 7 3.141592653589793
RZZ 0 8 3.141592653589793
RZZ 0 9 3.141592653589793
RZZ 1 6 3.141592653589793
RZZ 1 7 3.141592653589793
RZZ 1 8 3.141592653589793
RZZ 1 9 3.141592653589793
RZZ 2 6 3.141592653589793
RZZ 2 7 3.141592653589793
RZZ 2 8 3.141592653589793
RZZ 2 9 3.141592653589793
RZZ 3 6 3.141592653589793
RZZ 3 7 3.141592653589793
RZZ 3 8 3.141592653589793
RZZ 3 9 3.141592653589793
RZZ 4 6 3.141592653589793
RZZ 4 7 3.141592653589793
RZZ 4 8 3.141592653589793
RZZ 4 9 3.141592653589793
RX 0 3.141592653589793
RX 1 3.141592653589793
RX 2 3.141592653589793
RX 3 3.141592653589793
RX 4 3.141592653589793
RZZ 0 5 3.141592653589793
RZZ 0 1 3.141592653589793
RZZ 0 2 3.141592653589793
RZZ 0 3 3.141592653589793
RZZ 0 4 3.141592653589793
35
RZZ 0 5 3.141592653589793
RZZ 0 1 3.141592653589793
RZZ 0 2 3.141592653589793
RZZ 0 3 3.141592653589793
RZZ 0 4 3.141592653589793
RZZ 5 6 3.141592653589793
RZZ 1 5 3.141592653589793
RZZ 1 2 3.141592653589793
RZZ 1 3 3.141592653589793
RZZ 1 4 3.141592653589793
RZZ 6 7 3.141592653589793
RZZ 5 6 3.141592653589793
RZZ 2 5 3.141592653589793
RZZ 2 3 3.141592653589793
RZZ 2 4 3.141592653589793
RZZ 7 8 3.141592653589793
RZZ 6 7 3.141592653589793
RZZ 5 6 3.141592653589793
RZZ 3 5 3.141592653589793
RZZ 3 4 3.141592653589793
RZZ 8 9 3.141592653589793
RZZ 7 8 3.141592653589793
RZZ 6 7 3.141592653589793
RZZ 5 6 3.141592653589793
RZZ 4 5 3.141592653589793
RZZ 8 9 3.141592653589793
RZZ 7 8 3.141592653589793
RZZ 6 7 3.141592653589793
RZZ 5 6 3.141592653589793
RZZ 8 9 3.141592653589793
RZZ 7 8 3.141592653589793
RZZ 6 7 3.141592653589793
RZZ 8 9 3.141592653589793
RZZ 7 8 3.141592653589793
RZZ 8 9 3.141592653589793
25
RZZ 1 9 3.141592653589793
RZZ 1 8 3.141592653589793
RZZ 1 7 3.141592653589793
RZZ 1 6 3.141592653589793
RZZ 0 1 3.141592653589793
RZZ 2 9 3.141592653589793
RZZ 2 8 3.141592653589793
RZZ 2 7 3.141592653589793
RZZ 2 6 3.141592653589793
RZZ 1 2 3.141592653589793
RZZ 3 9 3.141592653589793
RZZ 3 8 3.141592653589793
RZZ 3 7 3.141592653589793
RZZ 3 6 3.141592653589793
RZZ 2 3 3.141592653589793
RZZ 4 9 3.141592653589793
RZZ 4 8 3.141592653589793
RZZ 4 7 3.141592653589793
RZZ 4 6 3.141592653589793
RZZ 3 4 3.141592653589793
RZZ 5 9 3.141592653589793
RZZ 5 8 3.141592653589793
RZZ 5 7 3.141592653589793
RZZ 5 6 3.141592653589793
RZZ 4 5 3.141592653589793
35
RZZ 0 9 3.141592653589793
RZZ 0 8 3.141592653589793
RZZ 0 7 3.141592653589793
RZZ 0 6 3.141592653589793
RZZ 0 5 3.141592653589793
RZZ 1 9 3.141592653589793
RZZ 1 8 3.141592653589793
RZZ 1 7 3.141592653589793
RZZ 1 6 3.141592653589793
RZZ 1 5 3.141592653589793
RZZ 2 9 3.141592653589793
RZZ 2 8 3.141592653589793
RZZ 2 7 3.141592653589793
RZZ 2 6 3.141592653589793
RZZ 2 5 3.141592653589793
RZZ 3 9 3.141592653589793
RZZ 3 8 3.141592653589793
RZZ 3 7 3.141592653589793
RZZ 3 6 3.141592653589793
RZZ 3 5 3.141592653589793
RZZ 4 9 3.141592653589793
RZZ 4 8 3.141592653589793
RZZ 4 7 3.141592653589793
RZZ 4 6 3.141592653589793
RZZ 4 5 3.141592653589793
RZZ 8 9 3.141592653589793
RZZ 7 8 3.141592653589793
RZZ 6 7 3.141592653589793
RZZ 5 6 3.141592653589793
RZZ 8 9 3.141592653589793
RZZ 7 8 3.141592653589793
RZZ 6 7 3.141592653589793
RZZ 8 9 3.141592653589793
RZZ 7 8 3.141592653589793
RZZ 8 9 3.141592653589793
30
RZZ 0 2 3.141592653589793
RZZ 0 3 3.141592653589793
RZZ 0 4 3.141592653589793
RZZ 0 9 3.141592653589793
RZZ 2 5 3.141592653589793
RZZ 2 3 3.141592653589793
RZZ 2 4 3.141592653589793
RZZ 2 9 3.141592653589793
RZZ 5 6 3.141592653589793
RZZ 3 5 3.141592653589793
RZZ 3 4 3.141592653589793
RZZ 3 9 3.141592653589793
RZZ 6 7 3.141592653589793
RZZ 5 6 3.141592653589793
RZZ 4 5 3.141592653589793
RZZ 4 9 3.141592653589793
RZZ 7 8 3.141592653589793
RZZ 6 7 3.141592653589793
RZZ 5 6 3.141592653589793
RZZ 5 9 3.141592653589793
RX 0 3.141592653589793
RX 2 3.141592653589793
RX 3 3.141592653589793
RX 4 3.141592653589793
RX 5 3.141592653589793
RZZ 0 1 3.141592653589793
RZZ 0 2 3.141592653589793
RZZ 0 3 3.141592653589793
RZZ 0 4 3.141592653589793
RZZ 0 5 3.141592653589793
30
RZZ 1 8 3.141592653589793
RZZ 1 7 3.141592653589793
RZZ 1 6 3.141592653589793
RZZ 1 9 3.141592653589793
RZZ 2 8 3.141592653589793
RZZ 2 7 3.141592653589793
RZZ 2 6 3.141592653589793
RZZ 2 9 3.141592653589793
RZZ 3 8 3.141592653589793
RZZ 3 7 3.141592653589793
RZZ 3 6 3.141592653589793
RZZ 3 9 3.141592653589793
RZZ 4 8 3.141592653589793
RZZ 4 7 3.141592653589793
RZZ 4 6 3.141592653589793
RZZ 4 9 3.141592653589793
RZZ 5 8 3.141592653589793
RZZ 5 7 3.141592653589793
RZZ 5 6 3.141592653589793
RZZ 5 9 3.141592653589793
RX 1 3.141592653589793
RX 2 3.141592653589793
RX 3 3.141592653589793
RX 4 3.141592653589793
RX 5 3.141592653589793
RZZ 0 1 3.141592653589793
RZZ 0 2 3.141592653589793
RZZ 0 3 3.141592653589793
RZZ 0 4 3.141592653589793
RZZ 0 5 3.141592653589793
45
RZZ 1 8 3.141592653589793
RZZ 1 7 3.141592653589793
RZZ 1 6 3.141592653589793
RZZ 1 9 3.141592653589793
RZZ 2 8 3.141592653589793
RZZ 2 7 3.141592653589793
RZZ 2 6 3.141592653589793
RZZ 2 9 3.141592653589793
RZZ 3 8 3.141592653589793
RZZ 3 7 3.141592653589793
RZZ 3 6 3.141592653589793
RZZ 3 9 3.141592653589793
RZZ 4 8 3.141592653589793
RZZ 4 7 3.141592653589793
RZZ 4 6 3.141592653589793
RZZ 4 9 3.141592653589793
RZZ 5 8 3.141592653589793
RZZ 5 7 3.141592653589793
RZZ 5 6 3.141592653589793
RZZ 5 9 3.141592653589793
RZZ 7 8 3.141592653589793
RZZ 6 7 3.141592653589793
RZZ 6 9 3.141592653589793
RZZ 7 8 3.141592653589793
RZZ 7 9 3.141592653589793
RZZ 8 9 3.141592653589793
RX 1 3.141592653589793
RX 2 3.141592653589793
RX 3 3.141592653589793
RX 4 3.141592653589793
RX 5 3.141592653589793
RX 6 3.141592653589793
RX 7 3.141592653589793
RX 8 3.141592653589793
RX 9 3.141592653589793
RZZ 0 1 3.141592653589793
RZZ 0 2 3.141592653589793
RZZ 0 3 3.141592653589793
RZZ 0 4 3.141592653589793
RZZ 0 5 3.141592653589793
RZZ 0 6 3.141592653589793
RZZ 0 7 3.141592653589793
RZZ 0 8 3.141592653589793
RZZ 0 9 3.141592653589793
RX 0 3.141592653589793
25
RZZ 0 5 3.141592653589793
RZZ 0 6 3.141592653589793
RZZ 0 7 3.141592653589793
RZZ 0 8 3.141592653589793
RZZ 0 9 3.141592653589793
RZZ 1 5 3.141592653589793
RZZ 1 6 3.141592653589793
RZZ 1 7 3.141592653589793
RZZ 1 8 3.141592653589793
RZZ 1 9 3.141592653589793
RZZ 2 5 3.141592653589793
RZZ 2 6 3.141592653589793
RZZ 2 7 3.141592653589793
RZZ 2 8 3.141592653589793
RZZ 2 9 3.141592653589793
RZZ 3 5 3.141592653589793
RZZ 3 6 3.141592653589793
RZZ 3 7 3.141592653589793
RZZ 3 8 3.141592653589793
RZZ 3 9 3.141592653589793
RZZ 4 5 3.141592653589793
RZZ 4 6 3.141592653589793
RZZ 4 7 3.141592653589793
RZZ 4 8 3.141592653589793
RZZ 4 9 3.141592653589793
35
RZZ 0 5 3.141592653589793
RZZ 0 6 3.141592653589793
RZZ 0 7 3.141592653589793
RZZ 0 8 3.141592653589793
RZZ 0 9 3.141592653589793
RZZ 1 5 3.141592653589793
RZZ 1 6 3.141592653589793
RZZ 1 7 3.141592653589793
RZZ 1 8 3.141592653589793
RZZ 1 9 3.141592653589793
RZZ 2 5 3.141592653589793
RZZ 2 6 3.141592653589793
RZZ 2 7 3.141592653589793
RZZ 2 8 3.141592653589793
RZZ 2 9 3.141592653589793
RZZ 3 5 3.141592653589793
RZZ 3 6 3.141592653589793
RZZ 3 7 3.141592653589793
RZZ 3 8 3.141592653589793
RZZ 3 9 3.141592653589793
RZZ 4 5 3.141592653589793
RZZ 4 6 3.141592653589793
RZZ 4 7 3.141592653589793
RZZ 4 8 3.141592653589793
RZZ 4 9 3.141592653589793
RZZ 5 6 3.141592653589793
RZZ 5 7 3.141592653589793
RZZ 5 8 3.141592653589793
RZZ 5 9 3.141592653589793
RZZ 6 7 3.141592653589793
RZZ 6 8 3.141592653589793
RZZ 6 9 3.141592653589793
RZZ 7 8 3.141592653589793
RZZ 7 9 3.141592653589793
RZZ 8 9 3.141592653589793
25
RZZ 0 1 3.141592653589793
RZZ 0 2 3.141592653589793
RZZ 0 3 3.141592653589793
RZZ 0 4 3.141592653589793
RZZ 0 5 3.141592653589793
RZZ 1 6 3.141592653589793
RZZ 1 2 3.141592653589793
RZZ 1 3 3.141592653589793
RZZ 1 4 3.141592653589793
RZZ 1 5 3.141592653589793
RZZ 6 7 3.141592653589793
RZZ 2 6 3.141592653589793
RZZ 2 3 3.141592653589793
RZZ 2 4 3.141592653589793
RZZ 2 5 3.141592653589793
RZZ 7 8 3.141592653589793
RZZ 6 7 3.141592653589793
RZZ 3 6 3.141592653589793
RZZ 3 4 3.141592653589793
RZZ 3 5 3.141592653589793
RZZ 8 9 3.141592653589793
RZZ 7 8 3.141592653589793
RZZ 6 7 3.141592653589793
RZZ 4 6 3.141592653589793
RZZ 4 5 3.141592653589793
25
RZZ 0 9 3.141592653589793
RZZ 0 8 3.141592653589793
RZZ 0 7 3.141592653589793
RZZ 0 6 3.141592653589793
RZZ 0 5 3.141592653589793
RZZ 1 9 3.141592653589793
RZZ 1 8 3.141592653589793
RZZ 1 7 3.141592653589793
RZZ 1 6 3.141592653589793
RZZ 1 5 3.141592653589793
RZZ 2 9 3.141592653589793
RZZ 2 8 3.141592653589793
RZZ 2 7 3.141592653589793
RZZ 2 6 3.141592653589793
RZZ 2 5 3.141592653589793
RZZ 3 9 3.141592653589793
RZZ 3 8 3.141592653589793
RZZ 3 7 3.141592653589793
RZZ 3 6 3.141592653589793
RZZ 3 5 3.141592653589793
RZZ 4 9 3.141592653589793
RZZ 4 8 3.141592653589793
RZZ 4 7 3.141592653589793
RZZ 4 6 3.141592653589793
RZZ 4 5 3.141592653589793
35
RZZ 0 9 3.141592653589793
RZZ 0 8 3.141592653589793
RZZ 0 7 3.141592653589793
RZZ 0 6 3.141592653589793
RZZ 0 5 3.141592653589793
RZZ 1 9 3.141592653589793
RZZ 1 8 3.141592653589793
RZZ 1 7 3.141592653589793
RZZ 1 6 3.141592653589793
RZZ 1 5 3.141592653589793
RZZ 2 9 3.141592653589793
RZZ 2 8 3.141592653589793
RZZ 2 7 3.141592653589793
RZZ 2 6 3.141592653589793
RZZ 2 5 3.141592653589793
RZZ 3 9 3.141592653589793
RZZ 3 8 3.141592653589793
RZZ 3 7 3.141592653589793
RZZ 3 6 3.141592653589793
RZZ 3 5 3.141592653589793
RZZ 4 9 3.141592653589793
RZZ 4 8 3.141592653589793
RZZ 4 7 3.141592653589793
RZZ 4 6 3.141592653589793
RZZ 4 5 3.141592653589793
RZZ 8 9 3.141592653589793
RZZ 7 8 3.141592653589793
RZZ 6 7 3.141592653589793
RZZ 5 6 3.141592653589793
RZZ 8 9 3.141592653589793
RZZ 7 8 3.141592653589793
RZZ 6 7 3.141592653589793
RZZ 8 9 3.141592653589793
RZZ 7 8 3.141592653589793
RZZ 8 9 3.141592653589793
25
RZZ 0 4 3.141592653589793
RZZ 0 1 3.141592653589793
RZZ 0 2 3.141592653589793
RZZ 0 3 3.141592653589793
RZZ 0 5 3.141592653589793
RZZ 4 6 3.141592653589793
RZZ 1 4 3.141592653589793
RZZ 1 2 3.141592653589793
RZZ 1 3 3.141592653589793
RZZ 1 5 3.141592653589793
RZZ 6 7 3.141592653589793
RZZ 4 6 3.141592653589793
RZZ 2 4 3.141592653589793
RZZ 2 3 3.141592653589793
RZZ 2 5 3.141592653589793
RZZ 7 8 3.141592653589793
RZZ 6 7 3.141592653589793
RZZ 4 6 3.141592653589793
RZZ 3 4 3.141592653589793
RZZ 3 5 3.141592653589793
RZZ 8 9 3.141592653589793
RZZ 7 8 3.141592653589793
RZZ 6 7 3.141592653589793
RZZ 4 6 3.141592653589793
RZZ 4 5 3.141592653589793
40
RZZ 0 6 3.141592653589793
RZZ 0 7 3.141592653589793
RZZ 0 8 3.141592653589793
RZZ 0 9 3.141592653589793
RZZ 1 6 3.141592653589793
RZZ 1 7 3.141592653589793
RZZ 1 8 3.141592653589793
RZZ 1 9 3.141592653589793
RZZ 2 6 3.141592653589793
RZZ 2 7 3.141592653589793
RZZ 2 8 3.141592653589793
RZZ 2 9 3.141592653589793
RZZ 3 6 3.141592653589793
RZZ 3 7 3.141592653589793
RZZ 3 8 3.141592653589793
RZZ 3 9 3.141592653589793
RZZ 4 6 3.141592653589793
RZZ 4 7 3.141592653589793
RZZ 4 8 3.141592653589793
RZZ 4 9 3.141592653589793
RX 0 3.141592653589793
RX 1 3.141592653589793
RX 2 3.141592653589793
RX 3 3.141592653589793
RX 4 3.141592653589793
RZZ 0 5 3.141592653589793
RZZ 0 1 3.141592653589793
RZZ 0 2 3.141592653589793
RZZ 0 3 3.141592653589793
RZZ 0 4 3.141592653589793
RZZ 1 5 3.141592653589793
RZZ 1 2 3.141592653589793
RZZ 1 3 3.141592653589793
RZZ 1 4 3.141592653589793
RZZ 2 5 3.141592653589793
RZZ 2 3 3.141592653589793
RZZ 2 4 3.141592653589793
RZZ 3 5 3.141592653589793
RZZ 3 4 3.141592653589793
RZZ 4 5 3.141592653589793
25
RZZ 4 5 3.141592653589793
RZZ 3 4 3.141592653589793
RZZ 2 3 3.141592653589793
RZZ 1 2 3.141592653589793
RZZ 0 1 3.141592653589793
RZZ 5 6 3.141592653589793
RZZ 4 5 3.141592653589793
RZZ 3 4 3.141592653589793
RZZ 2 3 3.141592653589793
RZZ 1 2 3.141592653589793
RZZ 6 7 3.141592653589793
RZZ 5 6 3.141592653589793
RZZ 4 5 3.141592653589793
RZZ 3 4 3.141592653589793
RZZ 2 3 3.141592653589793
RZZ 7 8 3.141592653589793
RZZ 6 7 3.141592653589793
RZZ 5 6 3.141592653589793
RZZ 4 5 3.141592653589793
RZZ 3 4 3.141592653589793
RZZ 8 9 3.141592653589793
RZZ 7 8 3.141592653589793
RZZ 6 7 3.141592653589793
RZZ 5 6 3.141592653589793
RZZ 4 5 3.141592653589793
30
RZZ 0 6 3.141592653589793
RZZ 0 7 3.141592653589793
RZZ 0 8 3.141592653589793
RZZ 0 9 3.141592653589793
RZZ 1 6 3.141592653589793
RZZ 1 7 3.141592653589793
RZZ 1 8 3.141592653589793
RZZ 1 9 3.141592653589793
RZZ 2 6 3.141592653589793
RZZ 2 7 3.141592653589793
RZZ 2 8 3.141592653589793
RZZ 2 9 3.141592653589793
RZZ 3 6 3.141592653589793
RZZ 3 7 3.141592653589793
RZZ 3 8 3.141592653589793
RZZ 3 9 3.141592653589793
RZZ 4 6 3.141592653589793
RZZ 4 7 3.141592653589793
RZZ 4 8 3.141592653589793
RZZ 4 9 3.141592653589793
RX 0 3.141592653589793
RX 1 3.141592653589793
RX 2 3.141592653589793
RX 3 3.141592653589793
RX 4 3.141592653589793
RZZ 0 5 3.141592653589793
RZZ 0 1 3.141592653589793
RZZ 0 2 3.141592653589793
RZZ 0 3 3.141592653589793
RZZ 0 4 3.141592653589793
35
RZZ 0 5 3.141592653589793
RZZ 0 1 3.141592653589793
RZZ 0 2 3.141592653589793
RZZ 0 3 3.141592653589793
RZZ 0 4 3.141592653589793
RZZ 5 6 3.141592653589793
RZZ 1 5 3.141592653589793
RZZ 1 2 3.141592653589793
RZZ 1 3 3.141592653589793
RZZ 1 4 3.141592653589793
RZZ 6 7 3.141592653589793
RZZ 5 6 3.141592653589793
RZZ 2 5 3.141592653589793
RZZ 2 3 3.141592653589793
RZZ 2 4 3.141592653589793
RZZ 7 8 3.141592653589793
RZZ 6 7 3.141592653589793
RZZ 5 6 3.141592653589793
RZZ 3 5 3.141592653589793
RZZ 3 4 3.141592653589793
RZZ 8 9 3.141592653589793
RZZ 7 8 3.141592653589793
RZZ 6 7 3.141592653589793
RZZ 5 6 3.141592653589793
RZZ 4 5 3.141592653589793
RZZ 8 9 3.141592653589793
RZZ 7 8 3.141592653589793
RZZ 6 7 3.141592653589793
RZZ 5 6 3.141592653589793
RZZ 8 9 3.141592653589793
RZZ 7 8 3.141592653589793
RZZ 6 7 3.141592653589793
RZZ 8 9 3.141592653589793
RZZ 7 8 3.141592653589793
RZZ 8 9 3.141592653589793
25
RZZ 1 9 3.141592653589793
RZZ 1 8 3.141592653589793
RZZ 1 7 3.141592653589793
RZZ 1 6 3.141592653589793
RZZ 0 1 3.141592653589793
RZZ 2 9 3.141592653589793
RZZ 2 8 3.141592653589793
RZZ 2 7 3.141592653589793
RZZ 2 6 3.141592653589793
RZZ 1 2 3.141592653589793
RZZ 3 9 3.141592653589793
RZZ 3 8 3.141592653589793
RZZ 3 7 3.141592653589793
RZZ 3 6 3.141592653589793
RZZ 2 3 3.141592653589793
RZZ 4 9 3.141592653589793
RZZ 4 8 3.141592653589793
RZZ 4 7 3.141592653589793
RZZ 4 6 3.141592653589793
RZZ 3 4 3.141592653589793
RZZ 5 9 3.141592653589793
RZZ 5 8 3.141592653589793
RZZ 5 7 3.141592653589793
RZZ 5 6 3.141592653589793
RZZ 4 5 3.141592653589793
35
RZZ 0 9 3.141592653589793
RZZ 0 8 3.141592653589793
RZZ 0 7 3.141592653589793
RZZ 0 6 3.141592653589793
RZZ 0 5 3.141592653589793
RZZ 1 9 3.141592653589793
RZZ 1 8 3.141592653589793
RZZ 1 7 3.141592653589793
RZZ 1 6 3.141592653589793
RZZ 1 5 3.141592653589793
RZZ 2 9 3.141592653589793
RZZ 2 8 3.141592653589793
RZZ 2 7 3.141592653589793
RZZ 2 6 3.141592653589793
RZZ 2 5 3.141592653589793
RZZ 3 9 3.141592653589793
RZZ 3 8 3.141592653589793
RZZ 3 7 3.141592653589793
RZZ 3 6 3.141592653589793
RZZ 3 5 3.141592653589793
RZZ 4 9 3.141592653589793
RZZ 4 8 3.141592653589793
RZZ 4 7 3.141592653589793
RZZ 4 6 3.141592653589793
RZZ 4 5 3.141592653589793
RZZ 8 9 3.141592653589793
RZZ 7 8 3.141592653589793
RZZ 6 7 3.141592653589793
RZZ 5 6 3.141592653589793
RZZ 8 9 3.141592653589793
RZZ 7 8 3.141592653589793
RZZ 6 7 3.141592653589793
RZZ 8 9 3.141592653589793
RZZ 7 8 3.141592653589793
RZZ 8 9 3.141592653589793
30
RZZ 0 2 3.141592653589793
RZZ 0 3 3.141592653589793
RZZ 0 4 3.141592653589793
RZZ 0 9 3.141592653589793
RZZ 2 5 3.141592653589793
RZZ 2 3 3.141592653589793
RZZ 2 4 3.141592653589793
RZZ 2 9 3.141592653589793
RZZ 5 6 3.141592653589793
RZZ 3 5 3.141592653589793
RZZ 3 4 3.141592653589793
RZZ 3 9 3.141592653589793
RZZ 6 7 3.141592653589793
RZZ 5 6 3.141592653589793
RZZ 4 5 3.141592653589793
RZZ 4 9 3.141592653589793
RZZ 7 8 3.141592653589793
RZZ 6 7 3.141592653589793
RZZ 5 6 3.141592653589793
RZZ 5 9 3.141592653589793
RX 0 3.141592653589793
RX 2 3.141592653589793
RX 3 3.141592653589793
RX 4 3.141592653589793
RX 5 3.141592653589793
RZZ 0 1 3.141592653589793
RZZ 0 2 3.141592653589793
RZZ 0 3 3.141592653589793
RZZ 0 4 3.141592653589793
RZZ 0 5 3.141592653589793
30
RZZ 1 8 3.141592653589793
RZZ 1 7 3.141592653589793
RZZ 1 6 3.141592653589793
RZZ 1 9 3.141592653589793
RZZ 2 8 3.141592653589793
RZZ 2 7 3.141592653589793
RZZ 2 6 3.141592653589793
RZZ 2 9 3.141592653589793
RZZ 3 8 3.141592653589793
RZZ 3 7 3.141592653589793
RZZ 3 6 3.141592653589793
RZZ 3 9 3.141592653589793
RZZ 4 8 3.141592653589793
RZZ 4 7 3.141592653589793
RZZ 4 6 3.141592653589793
RZZ 4 9 3.141592653589793
RZZ 5 8 3.141592653589793
RZZ 5 7 3.141592653589793
RZZ 5 6 3.141592653589793
RZZ 5 9 3.141592653589793
RX 1 3.141592653589793
RX 2 3.141592653589793
RX 3 3.141592653589793
RX 4 3.141592653589793
RX 5 3.141592653589793
RZZ 0 1 3.141592653589793
RZZ 0 2 3.141592653589793
RZZ 0 3 3.141592653589793
RZZ 0 4 3.141592653589793
RZZ 0 5 3.141592653589793
45
RZZ 1 8 3.141592653589793
RZZ 1 7 3.141592653589793
RZZ 1 6 3.141592653589793
RZZ 1 9 3.141592653589793
RZZ 2 8 3.141592653589793
RZZ 2 7 3.141592653589793
RZZ 2 6 3.141592653589793
RZZ 2 9 3.141592653589793
RZZ 3 8 3.141592653589793
RZZ 3 7 3.141592653589793
RZZ 3 6 3.141592653589793
RZZ 3 9 3.141592653589793
RZZ 4 8 3.141592653589793
RZZ 4 7 3.141592653589793
RZZ 4 6 3.141592653589793
RZZ 4 9 3.141592653589793
RZZ 5 8 3.141592653589793
RZZ 5 7 3.141592653589793
RZZ 5 6 3.141592653589793
RZZ 5 9 3.141592653589793
RZZ 7 8 3.141592653589793
RZZ 6 7 3.141592653589793
RZZ 6 9 3.141592653589793
RZZ 7 8 3.141592653589793
RZZ 7 9 3.141592653589793
RZZ 8 9 3.141592653589793
RX 1 3.141592653589793
RX 2 3.141592653589793
RX 3 3.141592653589793
RX 4 3.141592653589793
RX 5 3.141592653589793
RX 6 3.141592653589793
RX 7 3.141592653589793
RX 8 3.141592653589793
RX 9 3.141592653589793
RZZ 0 1 3.141592653589793
RZZ 0 2 3.141592653589793
RZZ 0 3 3.141592653589793
RZZ 0 4 3.141592653589793
RZZ 0 5 3.141592653589793
RZZ 0 6 3.141592653589793
RZZ 0 7 3.141592653589793
RZZ 0 8 3.141592653589793
RZZ 0 9 3.141592653589793
RX 0 3.141592653589793
25
RZZ 0 5 3.141592653589793
RZZ 0 6 3.141592653589793
RZZ 0 7 3.141592653589793
RZZ 0 8 3.141592653589793
RZZ 0 9 3.141592653589793
RZZ 1 5 3.141592653589793
RZZ 1 6 3.141592653589793
RZZ 1 7 3.141592653589793
RZZ 1 8 3.141592653589793
RZZ 1 9 3.141592653589793
RZZ 2 5 3.141592653589793
RZZ 2 6 3.141592653589793
RZZ 2 7 3.141592653589793
RZZ 2 8 3.141592653589793
RZZ 2 9 3.141592653589793
RZZ 3 5 3.141592653589793
RZZ 3 6 3.141592653589793
RZZ 3 7 3.141592653589793
RZZ 3 8 3.141592653589793
RZZ 3 9 3.141592653589793
RZZ 4 5 3.141592653589793
RZZ 4 6 3.141592653589793
RZZ 4 7 3.141592653589793
RZZ 4 8 3.141592653589793
RZZ 4 9 3.141592653589793
35
RZZ 0 5 3.141592653589793
RZZ 0 6 3.141592653589793
RZZ 0 7 3.141592653589793
RZZ 0 8 3.141592653589793
RZZ 0 9 3.141592653589793
RZZ 1 5 3.141592653589793
RZZ 1 6 3.141592653589793
RZZ 1 7 3.141592653589793
RZZ 1 8 3.141592653589793
RZZ 1 9 3.141592653589793
RZZ 2 5 3.141592653589793
RZZ 2 6 3.141592653589793
RZZ 2 7 3.141592653589793
RZZ 2 8 3.141592653589793
RZZ 2 9 3.141592653589793
RZZ 3 5 3.141592653589793
RZZ 3 6 3.141592653589793
RZZ 3 7 3.141592653589793
RZZ 3 8 3.141592653589793
RZZ 3 9 3.141592653589793
RZZ 4 5 3.141592653589793
RZZ 4 6 3.141592653589793
RZZ 4 7 3.141592653589793
RZZ 4 8 3.141592653589793
RZZ 4 9 3.141592653589793
RZZ 5 6 3.141592653589793
RZZ 5 7 3.141592653589793
RZZ 5 8 3.141592653589793
RZZ 5 9 3.141592653589793
RZZ 6 7 3.141592653589793
RZZ 6 8 3.141592653589793
RZZ 6 9 3.141592653589793
RZZ 7 8 3.141592653589793
RZZ 7 9 3.141592653589793
RZZ 8 9 3.141592653589793
25
RZZ 0 1 3.141592653589793
RZZ 0 2 3.141592653589793
RZZ 0 3 3.141592653589793
RZZ 0 4 3.141592653589793
RZZ 0 5 3.141592653589793
RZZ 1 6 3.141592653589793
RZZ 1 2 3.141592653589793
RZZ 1 3 3.141592653589793
RZZ 1 4 3.141592653589793
RZZ 1 5 3.141592653589793
RZZ 6 7 3.141592653589793
RZZ 2 6 3.141592653589793
RZZ 2 3 3.141592653589793
RZZ 2 4 3.141592653589793
RZZ 2 5 3.141592653589793
RZZ 7 8 3.141592653589793
RZZ 6 7 3.141592653589793
RZZ 3 6 3.141592653589793
RZZ 3 4 3.141592653589793
RZZ 3 5 3.141592653589793
RZZ 8 9 3.141592653589793
RZZ 7 8 3.141592653589793
RZZ 6 7 3.141592653589793
RZZ 4 6 3.141592653589793
RZZ 4 5 3.141592653589793
25
RZZ 0 9 3.141592653589793
RZZ 0 8 3.141592653589793
RZZ 0 7 3.141592653589793
RZZ 0 6 3.141592653589793
RZZ 0 5 3.141592653589793
RZZ 1 9 3.141592653589793
RZZ 1 8 3.141592653589793
RZZ 1 7 3.141592653589793
RZZ 1 6 3.141592653589793
RZZ 1 5 3.141592653589793
RZZ 2 9 3.141592653589793
RZZ 2 8 3.141592653589793
RZZ 2 7 3.141592653589793
RZZ 2 6 3.141592653589793
RZZ 2 5 3.141592653589793
RZZ 3 9 3.141592653589793
RZZ 3 8 3.141592653589793
RZZ 3 7 3.141592653589793
RZZ 3 6 3.141592653589793
RZZ 3 5 3.141592653589793
RZZ 4 9 3.141592653589793
RZZ 4 8 3.141592653589793
RZZ 4 7 3.141592653589793
RZZ 4 6 3.141592653589793
RZZ 4 5 3.141592653589793
35
RZZ 0 9 3.141592653589793
RZZ 0 8 3.141592653589793
RZZ 0 7 3.141592653589793
RZZ 0 6 3.141592653589793
RZZ 0 5 3.141592653589793
RZZ 1 9 3.141592653589793
RZZ 1 8 3.141592653589793
RZZ 1 7 3.141592653589793
RZZ 1 6 3.141592653589793
RZZ 1 5 3.141592653589793
RZZ 2 9 3.141592653589793
RZZ 2 8 3.141592653589793
RZZ 2 7 3.141592653589793
RZZ 2 6 3.141592653589793
RZZ 2 5 3.141592653589793
RZZ 3 9 3.141592653589793
RZZ 3 8 3.141592653589793
RZZ 3 7 3.141592653589793
RZZ 3 6 3.141592653589793
RZZ 3 5 3.141592653589793
RZZ 4 9 3.141592653589793
RZZ 4 8 3.141592653589793
RZZ 4 7 3.141592653589793
RZZ 4 6 3.141592653589793
RZZ 4 5 3.141592653589793
RZZ 8 9 3.141592653589793
RZZ 7 8 3.141592653589793
RZZ 6 7 3.141592653589793
RZZ 5 6 3.141592653589793
RZZ 8 9 3.141592653589793
RZZ 7 8 3.141592653589793
RZZ 6 7 3.141592653589793
RZZ 8 9 3.141592653589793
RZZ 7 8 3.141592653589793
RZZ 8 9 3.141592653589793
25
RZZ 0 4 3.141592653589793
RZZ 0 1 3.141592653589793
RZZ 0 2 3.141592653589793
RZZ 0 3 3.141592653589793
RZZ 0 5 3.141592653589793
RZZ 4 6 3.141592653589793
RZZ 1 4 3.141592653589793
RZZ 1 2 3.141592653589793
RZZ 1 3 3.141592653589793
RZZ 1 5 3.141592653589793
RZZ 6 7 3.141592653589793
RZZ 4 6 3.141592653589793
RZZ 2 4 3.141592653589793
RZZ 2 3 3.141592653589793
RZZ 2 5 3.141592653589793
RZZ 7 8 3.141592653589793
RZZ 6 7 3.141592653589793
RZZ 4 6 3.141592653589793
RZZ 3 4 3.141592653589793
RZZ 3 5 3.141592653589793
RZZ 8 9 3.141592653589793
RZZ 7 8 3.141592653589793
RZZ 6 7 3.141592653589793
RZZ 4 6 3.141592653589793
RZZ 4 5 3.141592653589793
25
RZZ 0 9 3.141592653589793
RZZ 0 8 3.141592653589793
RZZ 0 7 3.141592653589793
RZZ 0 6 3.141592653589793
RZZ 0 5 3.141592653589793
RZZ 1 9 3.141592653589793
RZZ 1 8 3.141592653589793
RZZ 1 7 3.141592653589793
RZZ 1 6 3.141592653589793
RZZ 1 5 3.141592653589793
RZZ 2 9 3.141592653589793
RZZ 2 8 3.141592653589793
RZZ 2 7 3.141592653589793
RZZ 2 6 3.141592653589793
RZZ 2 5 3.141592653589793
RZZ 3 9 3.141592653589793
RZZ 3 8 3.141592653589793
RZZ 3 7 3.141592653589793
RZZ 3 6 3.141592653589793
RZZ 3 5 3.141592653589793
RZZ 4 9 3.141592653589793
RZZ 4 8 3.141592653589793
RZZ 4 7 3.141592653589793
RZZ 4 6 3.141592653589793
RZZ 4 5 3.141592653589793
30
RZZ 1 5 3.141592653589793
RZZ 1 2 3.141592653589793
RZZ 1 3 3.141592653589793
RZZ 1 4 3.141592653589793
RZZ 5 6 3.141592653589793
RZZ 2 5 3.141592653589793
RZZ 2 3 3.141592653589793
RZZ 2 4 3.141592653589793
RZZ 6 7 3.141592653589793
RZZ 5 6 3.141592653589793
RZZ 3 5 3.141592653589793
RZZ 3 4 3.141592653589793
RZZ 7 8 3.141592653589793
RZZ 6 7 3.141592653589793
RZZ 5 6 3.141592653589793
RZZ 4 5 3.141592653589793
RZZ 8 9 3.141592653589793
RZZ 7 8 3.141592653589793
RZZ 6 7 3.141592653589793
RZZ 5 6 3.141592653589793
RZZ 0 9 3.141592653589793
RZZ 0 8 3.141592653589793
RZZ 0 7 3.141592653589793
RZZ 0 6 3.141592653589793
RX 1 3.141592653589793
RX 2 3.141592653589793
RX 3 3.141592653589793
RX 4 3.141592653589793
RX 5 3.141592653589793
RX 0 3.141592653589793
25
RZZ 0 9 3.141592653589793
RZZ 0 8 3.141592653589793
RZZ 0 7 3.141592653589793
RZZ 0 6 3.141592653589793
RZZ 0 5 3.141592653589793
RZZ 1 9 3.141592653589793
RZZ 1 8 3.141592653589793
RZZ 1 7 3.141592653589793
RZZ 1 6 3.141592653589793
RZZ 1 5 3.141592653589793
RZZ 2 9 3.141592653589793
RZZ 2 8 3.141592653589793
RZZ 2 7 3.141592653589793
RZZ 2 6 3.141592653589793
RZZ 2 5 3.141592653589793
RZZ 3 9 3.141592653589793
RZZ 3 8 3.141592653589793
RZZ 3 7 3.141592653589793
RZZ 3 6 3.141592653589793
RZZ 3 5 3.141592653589793
RZZ 4 9 3.141592653589793
RZZ 4 8 3.141592653589793
RZZ 4 7 3.141592653589793
RZZ 4 6 3.141592653589793
RZZ 4 5 3.141592653589793
35
RZZ 0 9 3.141592653589793
RZZ 0 8 3.141592653589793
RZZ 0 7 3.141592653589793
RZZ 0 6 3.141592653589793
RZZ 0 5 3.141592653589793
RZZ 1 9 3.141592653589793
RZZ 1 8 3.141592653589793
RZZ 1 7 3.141592653589793
RZZ 1 6 3.141592653589793
RZZ 1 5 3.141592653589793
RZZ 2 9 3.141592653589793
RZZ 2 8 3.141592653589793
RZZ 2 7 3.141592653589793
RZZ 2 6 3.141592653589793
RZZ 2 5 3.141592653589793
RZZ 3 9 3.141592653589793
RZZ 3 8 3.141592653589793
RZZ 3 7 3.141592653589793
RZZ 3 6 3.141592653589793
RZZ 3 5 3.141592653589793
RZZ 4 9 3.141592653589793
RZZ 4 8 3.141592653589793
RZZ 4 7 3.141592653589793
RZZ 4 6 3.141592653589793
RZZ 4 5 3.141592653589793
RZZ 8 9 3.141592653589793
RZZ 7 8 3.141592653589793
RZZ 6 7 3.141592653589793
RZZ 5 6 3.141592653589793
RZZ 8 9 3.141592653589793
RZZ 7 8 3.141592653589793
RZZ 6 7 3.141592653589793
RZZ 8 9 3.141592653589793
RZZ 7 8 3.141592653589793
RZZ 8 9 3.141592653589793
30
RZZ 1 9 3.141592653589793
RZZ 1 8 3.141592653589793
RZZ 1 7 3.141592653589793
RZZ 1 6 3.141592653589793
RZZ 2 9 3.141592653589793
RZZ 2 8 3.141592653589793
RZZ 2 7 3.141592653589793
RZZ 2 6 3.141592653589793
RZZ 3 9 3.141592653589793
RZZ 3 8 3.141592653589793
RZZ 3 7 3.141592653589793
RZZ 3 6 3.141592653589793
RZZ 4 9 3.141592653589793
RZZ 4 8 3.141592653589793
RZZ 4 7 3.141592653589793
RZZ 4 6 3.141592653589793
RZZ 0 9 3.141592653589793
RZZ 0 8 3.141592653589793
RZZ 0 7 3.141592653589793
RZZ 0 6 3.141592653589793
RZZ 5 9 3.141592653589793
RZZ 5 8 3.141592653589793
RZZ 5 7 3.141592653589793
RZZ 5 6 3.141592653589793
RX 1 3.141592653589793
RX 2 3.141592653589793
RX 3 3.141592653589793
RX 4 3.141592653589793
RX 0 3.141592653589793
RX 5 3.141592653589793
30
RZZ 3 9 3.141592653589793
RZZ 3 8 3.141592653589793
RZZ 3 7 3.141592653589793
RZZ 3 6 3.141592653589793
RZZ 4 9 3.141592653589793
RZZ 4 8 3.141592653589793
RZZ 4 7 3.141592653589793
RZZ 4 6 3.141592653589793
RZZ 5 9 3.141592653589793
RZZ 5 8 3.141592653589793
RZZ 5 7 3.141592653589793
RZZ 5 6 3.141592653589793
RZZ 0 9 3.141592653589793
RZZ 0 8 3.141592653589793
RZZ 0 7 3.141592653589793
RZZ 0 6 3.141592653589793
RZZ 1 9 3.141592653589793
RZZ 1 8 3.141592653589793
RZZ 1 7 3.141592653589793
RZZ 1 6 3.141592653589793
RZZ 2 9 3.141592653589793
RZZ 2 8 3.141592653589793
RZZ 2 7 3.141592653589793
RZZ 2 6 3.141592653589793
RX 3 3.141592653589793
RX 4 3.141592653589793
RX 5 3.141592653589793
RX 0 3.141592653589793
RX 1 3.141592653589793
RX 2 3.141592653589793
30
RZZ 0 9 3.141592653589793
RZZ 0 8 3.141592653589793
RZZ 0 7 3.141592653589793
RZZ 0 6 3.141592653589793
RZZ 1 9 3.141592653589793
RZZ 1 8 3.141592653589793
RZZ 1 7 3.141592653589793
RZZ 1 6 3.141592653589793
RZZ 2 9 3.141592653589793
RZZ 2 8 3.141592653589793
RZZ 2 7 3.141592653589793
RZZ 2 6 3.141592653589793
RZZ 3 9 3.141592653589793
RZZ 3 8 3.141592653589793
RZZ 3 7 3.141592653589793
RZZ 3 6 3.141592653589793
RZZ 4 9 3.141592653589793
RZZ 4 8 3.141592653589793
RZZ 4 7 3.141592653589793
RZZ 4 6 3.141592653589793
RZZ 5 9 3.141592653589793
RZZ 5 8 3.141592653589793
RZZ 5 7 3.141592653589793
RZZ 5 6 3.141592653589793
RX 0 3.141592653589793
RX 1 3.141592653589793
RX 2 3.141592653589793
RX 3 3.141592653589793
RX 4 3.141592653589793
RX 5 3.141592653589793
15
RZZ 0 9 3.141592653589793
RZZ 0 8 3.141592653589793
RZZ 0 7 3.141592653589793
RZZ 0 6 3.141592653589793
RZZ 8 9 3.141592653589793
RZZ 7 8 3.141592653589793
RZZ 6 7 3.141592653589793
RZZ 8 9 3.141592653589793
RZZ 7 8 3.141592653589793
RZZ 8 9 3.141592653589793
RX 0 3.141592653589793
RX 6 3.141592653589793
RX 7 3.141592653589793
RX 8 3.141592653589793
RX 9 3.141592653589793
