H 0
H 1
H 2
H 3
H 4
H 5
H 6
H 7
H 8
H 9
H 10
H 11
H 12
H 13
H 14
H 15
H 16
H 17
H 18
H 19
H 20
H 21
H 22
H 23
H 24
H 25
H 26
H 27
H 28
H 29
H 30
H 31
H 32
RZZ 0 1 3.141592653589793
RZZ 0 2 3.141592653589793
RZZ 0 3 3.141592653589793
RZZ 0 4 3.141592653589793
RZZ 0 5 3.141592653589793
RZZ 0 6 3.141592653589793
RZZ 0 7 3.141592653589793
RZZ 0 8 3.141592653589793
RZZ 0 9 3.141592653589793
RZZ 0 10 3.141592653589793
RZZ 0 11 3.141592653589793
RZZ 0 12 3.141592653589793
RZZ 0 13 3.141592653589793
RZZ 0 14 3.141592653589793
RZZ 0 15 3.141592653589793
RZZ 0 16 3.141592653589793
RZZ 0 17 3.141592653589793
RZZ 0 18 3.141592653589793
RZZ 0 19 3.141592653589793
RZZ 0 20 3.141592653589793
RZZ 0 21 3.141592653589793
RZZ 0 22 3.141592653589793
RZZ 0 23 3.141592653589793
RZZ 0 24 3.141592653589793
RZZ 0 25 3.141592653589793
RZZ 0 26 3.141592653589793
RZZ 0 27 3.141592653589793
RZZ 0 28 3.141592653589793
RZZ 0 29 3.141592653589793
RZZ 0 30 3.141592653589793
RZZ 0 31 3.141592653589793
RZZ 0 32 3.141592653589793
RZZ 1 2 3.141592653589793
RZZ 1 3 3.141592653589793
RZZ 1 4 3.141592653589793
RZZ 1 5 3.141592653589793
RZZ 1 6 3.141592653589793
RZZ 1 7 3.141592653589793
RZZ 1 8 3.141592653589793
RZZ 1 9 3.141592653589793
RZZ 1 10 3.141592653589793
RZZ 1 11 3.141592653589793
RZZ 1 12 3.141592653589793
RZZ 1 13 3.141592653589793
RZZ 1 14 3.141592653589793
RZZ 1 15 3.141592653589793
RZZ 1 16 3.141592653589793
RZZ 1 17 3.141592653589793
RZZ 1 18 3.141592653589793
RZZ 1 19 3.141592653589793
RZZ 1 20 3.141592653589793
RZZ 1 21 3.141592653589793
RZZ 1 22 3.141592653589793
RZZ 1 23 3.141592653589793
RZZ 1 24 3.141592653589793
RZZ 1 25 3.141592653589793
RZZ 1 26 3.141592653589793
RZZ 1 27 3.141592653589793
RZZ 1 28 3.141592653589793
RZZ 1 29 3.141592653589793
RZZ 1 30 3.141592653589793
RZZ 1 31 3.141592653589793
RZZ 1 32 3.141592653589793
RZZ 2 3 3.141592653589793
RZZ 2 4 3.141592653589793
RZZ 2 5 3.141592653589793
RZZ 2 6 3.141592653589793
RZZ 2 7 3.141592653589793
RZZ 2 8 3.141592653589793
RZZ 2 9 3.141592653589793
RZZ 2 10 3.141592653589793
RZZ 2 11 3.141592653589793
RZZ 2 12 3.141592653589793
RZZ 2 13 3.141592653589793
RZZ 2 14 3.141592653589793
RZZ 2 15 3.141592653589793
RZZ 2 16 3.141592653589793
RZZ 2 17 3.141592653589793
RZZ 2 18 3.141592653589793
RZZ 2 19 3.141592653589793
RZZ 2 20 3.141592653589793
RZZ 2 21 3.141592653589793
RZZ 2 22 3.141592653589793
RZZ 2 23 3.141592653589793
RZZ 2 24 3.141592653589793
RZZ 2 25 3.141592653589793
RZZ 2 26 3.141592653589793
RZZ 2 27 3.141592653589793
RZZ 2 28 3.141592653589793
RZZ 2 29 3.141592653589793
RZZ 2 30 3.141592653589793
RZZ 2 31 3.141592653589793
RZZ 2 32 3.141592653589793
RZZ 3 4 3.141592653589793
RZZ 3 5 3.141592653589793
RZZ 3 6 3.141592653589793
RZZ 3 7 3.141592653589793
RZZ 3 8 3.141592653589793
RZZ 3 9 3.141592653589793
RZZ 3 10 3.141592653589793
RZZ 3 11 3.141592653589793
RZZ 3 12 3.141592653589793
RZZ 3 13 3.141592653589793
RZZ 3 14 3.141592653589793
RZZ 3 15 3.141592653589793
RZZ 3 16 3.141592653589793
RZZ 3 17 3.141592653589793
RZZ 3 18 3.141592653589793
RZZ 3 19 3.141592653589793
RZZ 3 20 3.141592653589793
RZZ 3 21 3.141592653589793
RZZ 3 22 3.141592653589793
RZZ 3 23 3.141592653589793
RZZ 3 24 3.141592653589793
RZZ 3 25 3.141592653589793
RZZ 3 26 3.141592653589793
RZZ 3 27 3.141592653589793
RZZ 3 28 3.141592653589793
RZZ 3 29 3.141592653589793
RZZ 3 30 3.141592653589793
RZZ 3 31 3.141592653589793
RZZ 3 32 3.141592653589793
RZZ 4 5 3.141592653589793
RZZ 4 6 3.141592653589793
RZZ 4 7 3.141592653589793
RZZ 4 8 3.141592653589793
RZZ 4 9 3.141592653589793
RZZ 4 10 3.141592653589793
RZZ 4 11 3.141592653589793
RZZ 4 12 3.141592653589793
RZZ 4 13 3.141592653589793
RZZ 4 14 3.141592653589793
RZZ 4 15 3.141592653589793
RZZ 4 16 3.141592653589793
RZZ 4 17 3.141592653589793
RZZ 4 18 3.141592653589793
RZZ 4 19 3.141592653589793
RZZ 4 20 3.141592653589793
RZZ 4 21 3.141592653589793
RZZ 4 22 3.141592653589793
RZZ 4 23 3.141592653589793
RZZ 4 24 3.141592653589793
RZZ 4 25 3.141592653589793
RZZ 4 26 3.141592653589793
RZZ 4 27 3.141592653589793
RZZ 4 28 3.141592653589793
RZZ 4 29 3.141592653589793
RZZ 4 30 3.141592653589793
RZZ 4 31 3.141592653589793
RZZ 4 32 3.141592653589793
RZZ 5 6 3.141592653589793
RZZ 5 7 3.141592653589793
RZZ 5 8 3.141592653589793
RZZ 5 9 3.141592653589793
RZZ 5 10 3.141592653589793
RZZ 5 11 3.141592653589793
RZZ 5 12 3.141592653589793
RZZ 5 13 3.141592653589793
RZZ 5 14 3.141592653589793
RZZ 5 15 3.141592653589793
RZZ 5 16 3.141592653589793
RZZ 5 17 3.141592653589793
RZZ 5 18 3.141592653589793
RZZ 5 19 3.141592653589793
RZZ 5 20 3.141592653589793
RZZ 5 21 3.141592653589793
RZZ 5 22 3.141592653589793
RZZ 5 23 3.141592653589793
RZZ 5 24 3.141592653589793
RZZ 5 25 3.141592653589793
RZZ 5 26 3.141592653589793
RZZ 5 27 3.141592653589793
RZZ 5 28 3.141592653589793
RZZ 5 29 3.141592653589793
RZZ 5 30 3.141592653589793
RZZ 5 31 3.141592653589793
RZZ 5 32 3.141592653589793
RZZ 6 7 3.141592653589793
RZZ 6 8 3.141592653589793
RZZ 6 9 3.141592653589793
RZZ 6 10 3.141592653589793
RZZ 6 11 3.141592653589793
RZZ 6 12 3.141592653589793
RZZ 6 13 3.141592653589793
RZZ 6 14 3.141592653589793
RZZ 6 15 3.141592653589793
RZZ 6 16 3.141592653589793
RZZ 6 17 3.141592653589793
RZZ 6 18 3.141592653589793
RZZ 6 19 3.141592653589793
RZZ 6 20 3.141592653589793
RZZ 6 21 3.141592653589793
RZZ 6 22 3.141592653589793
RZZ 6 23 3.141592653589793
RZZ 6 24 3.141592653589793
RZZ 6 25 3.141592653589793
RZZ 6 26 3.141592653589793
RZZ 6 27 3.141592653589793
RZZ 6 28 3.141592653589793
RZZ 6 29 3.141592653589793
RZZ 6 30 3.141592653589793
RZZ 6 31 3.141592653589793
RZZ 6 32 3.141592653589793
RZZ 7 8 3.141592653589793
RZZ 7 9 3.141592653589793
RZZ 7 10 3.141592653589793
RZZ 7 11 3.141592653589793
RZZ 7 12 3.141592653589793
RZZ 7 13 3.141592653589793
RZZ 7 14 3.141592653589793
RZZ 7 15 3.141592653589793
RZZ 7 16 3.141592653589793
RZZ 7 17 3.141592653589793
RZZ 7 18 3.141592653589793
RZZ 7 19 3.141592653589793
RZZ 7 20 3.141592653589793
RZZ 7 21 3.141592653589793
RZZ 7 22 3.141592653589793
RZZ 7 23 3.141592653589793
RZZ 7 24 3.141592653589793
RZZ 7 25 3.141592653589793
RZZ 7 26 3.141592653589793
RZZ 7 27 3.141592653589793
RZZ 7 28 3.141592653589793
RZZ 7 29 3.141592653589793
RZZ 7 30 3.141592653589793
RZZ 7 31 3.141592653589793
RZZ 7 32 3.141592653589793
RZZ 8 9 3.141592653589793
RZZ 8 10 3.141592653589793
RZZ 8 11 3.141592653589793
RZZ 8 12 3.141592653589793
RZZ 8 13 3.141592653589793
RZZ 8 14 3.141592653589793
RZZ 8 15 3.141592653589793
RZZ 8 16 3.141592653589793
RZZ 8 17 3.141592653589793
RZZ 8 18 3.141592653589793
RZZ 8 19 3.141592653589793
RZZ 8 20 3.141592653589793
RZZ 8 21 3.141592653589793
RZZ 8 22 3.141592653589793
RZZ 8 23 3.141592653589793
RZZ 8 24 3.141592653589793
RZZ 8 25 3.141592653589793
RZZ 8 26 3.141592653589793
RZZ 8 27 3.141592653589793
RZZ 8 28 3.141592653589793
RZZ 8 29 3.141592653589793
RZZ 8 30 3.141592653589793
RZZ 8 31 3.141592653589793
RZZ 8 32 3.141592653589793
RZZ 9 10 3.141592653589793
RZZ 9 11 3.141592653589793
RZZ 9 12 3.141592653589793
RZZ 9 13 3.141592653589793
RZZ 9 14 3.141592653589793
RZZ 9 15 3.141592653589793
RZZ 9 16 3.141592653589793
RZZ 9 17 3.141592653589793
RZZ 9 18 3.141592653589793
RZZ 9 19 3.141592653589793
RZZ 9 20 3.141592653589793
RZZ 9 21 3.141592653589793
RZZ 9 22 3.141592653589793
RZZ 9 23 3.141592653589793
RZZ 9 24 3.141592653589793
RZZ 9 25 3.141592653589793
RZZ 9 26 3.141592653589793
RZZ 9 27 3.141592653589793
RZZ 9 28 3.141592653589793
RZZ 9 29 3.141592653589793
RZZ 9 30 3.141592653589793
RZZ 9 31 3.141592653589793
RZZ 9 32 3.141592653589793
RZZ 10 11 3.141592653589793
RZZ 10 12 3.141592653589793
RZZ 10 13 3.141592653589793
RZZ 10 14 3.141592653589793
RZZ 10 15 3.141592653589793
RZZ 10 16 3.141592653589793
RZZ 10 17 3.141592653589793
RZZ 10 18 3.141592653589793
RZZ 10 19 3.141592653589793
RZZ 10 20 3.141592653589793
RZZ 10 21 3.141592653589793
RZZ 10 22 3.141592653589793
RZZ 10 23 3.141592653589793
RZZ 10 24 3.141592653589793
RZZ 10 25 3.141592653589793
RZZ 10 26 3.141592653589793
RZZ 10 27 3.141592653589793
RZZ 10 28 3.141592653589793
RZZ 10 29 3.141592653589793
RZZ 10 30 3.141592653589793
RZZ 10 31 3.141592653589793
RZZ 10 32 3.141592653589793
RZZ 11 12 3.141592653589793
RZZ 11 13 3.141592653589793
RZZ 11 14 3.141592653589793
RZZ 11 15 3.141592653589793
RZZ 11 16 3.141592653589793
RZZ 11 17 3.141592653589793
RZZ 11 18 3.141592653589793
RZZ 11 19 3.141592653589793
RZZ 11 20 3.141592653589793
RZZ 11 21 3.141592653589793
RZZ 11 22 3.141592653589793
RZZ 11 23 3.141592653589793
RZZ 11 24 3.141592653589793
RZZ 11 25 3.141592653589793
RZZ 11 26 3.141592653589793
RZZ 11 27 3.141592653589793
RZZ 11 28 3.141592653589793
RZZ 11 29 3.141592653589793
RZZ 11 30 3.141592653589793
RZZ 11 31 3.141592653589793
RZZ 11 32 3.141592653589793
RZZ 12 13 3.141592653589793
RZZ 12 14 3.141592653589793
RZZ 12 15 3.141592653589793
RZZ 12 16 3.141592653589793
RZZ 12 17 3.141592653589793
RZZ 12 18 3.141592653589793
RZZ 12 19 3.141592653589793
RZZ 12 20 3.141592653589793
RZZ 12 21 3.141592653589793
RZZ 12 22 3.141592653589793
RZZ 12 23 3.141592653589793
RZZ 12 24 3.141592653589793
RZZ 12 25 3.141592653589793
RZZ 12 26 3.141592653589793
RZZ 12 27 3.141592653589793
RZZ 12 28 3.141592653589793
RZZ 12 29 3.141592653589793
RZZ 12 30 3.141592653589793
RZZ 12 31 3.141592653589793
RZZ 12 32 3.141592653589793
RZZ 13 14 3.141592653589793
RZZ 13 15 3.141592653589793
RZZ 13 16 3.141592653589793
RZZ 13 17 3.141592653589793
RZZ 13 18 3.141592653589793
RZZ 13 19 3.141592653589793
RZZ 13 20 3.141592653589793
RZZ 13 21 3.141592653589793
RZZ 13 22 3.141592653589793
RZZ 13 23 3.141592653589793
RZZ 13 24 3.141592653589793
RZZ 13 25 3.141592653589793
RZZ 13 26 3.141592653589793
RZZ 13 27 3.141592653589793
RZZ 13 28 3.141592653589793
RZZ 13 29 3.141592653589793
RZZ 13 30 3.141592653589793
RZZ 13 31 3.141592653589793
RZZ 13 32 3.141592653589793
RZZ 14 15 3.141592653589793
RZZ 14 16 3.141592653589793
RZZ 14 17 3.141592653589793
RZZ 14 18 3.141592653589793
RZZ 14 19 3.141592653589793
RZZ 14 20 3.141592653589793
RZZ 14 21 3.141592653589793
RZZ 14 22 3.141592653589793
RZZ 14 23 3.141592653589793
RZZ 14 24 3.141592653589793
RZZ 14 25 3.141592653589793
RZZ 14 26 3.141592653589793
RZZ 14 27 3.141592653589793
RZZ 14 28 3.141592653589793
RZZ 14 29 3.141592653589793
RZZ 14 30 3.141592653589793
RZZ 14 31 3.141592653589793
RZZ 14 32 3.141592653589793
RZZ 15 16 3.141592653589793
RZZ 15 17 3.141592653589793
RZZ 15 18 3.141592653589793
RZZ 15 19 3.141592653589793
RZZ 15 20 3.141592653589793
RZZ 15 21 3.141592653589793
RZZ 15 22 3.141592653589793
RZZ 15 23 3.141592653589793
RZZ 15 24 3.141592653589793
RZZ 15 25 3.141592653589793
RZZ 15 26 3.141592653589793
RZZ 15 27 3.141592653589793
RZZ 15 28 3.141592653589793
RZZ 15 29 3.141592653589793
RZZ 15 30 3.141592653589793
RZZ 15 31 3.141592653589793
RZZ 15 32 3.141592653589793
RZZ 16 17 3.141592653589793
RZZ 16 18 3.141592653589793
RZZ 16 19 3.141592653589793
RZZ 16 20 3.141592653589793
RZZ 16 21 3.141592653589793
RZZ 16 22 3.141592653589793
RZZ 16 23 3.141592653589793
RZZ 16 24 3.141592653589793
RZZ 16 25 3.141592653589793
RZZ 16 26 3.141592653589793
RZZ 16 27 3.141592653589793
RZZ 16 28 3.141592653589793
RZZ 16 29 3.141592653589793
RZZ 16 30 3.141592653589793
RZZ 16 31 3.141592653589793
RZZ 16 32 3.141592653589793
RZZ 17 18 3.141592653589793
RZZ 17 19 3.141592653589793
RZZ 17 20 3.141592653589793
RZZ 17 21 3.141592653589793
RZZ 17 22 3.141592653589793
RZZ 17 23 3.141592653589793
RZZ 17 24 3.141592653589793
RZZ 17 25 3.141592653589793
RZZ 17 26 3.141592653589793
RZZ 17 27 3.141592653589793
RZZ 17 28 3.141592653589793
RZZ 17 29 3.141592653589793
RZZ 17 30 3.141592653589793
RZZ 17 31 3.141592653589793
RZZ 17 32 3.141592653589793
RZZ 18 19 3.141592653589793
RZZ 18 20 3.141592653589793
RZZ 18 21 3.141592653589793
RZZ 18 22 3.141592653589793
RZZ 18 23 3.141592653589793
RZZ 18 24 3.141592653589793
RZZ 18 25 3.141592653589793
RZZ 18 26 3.141592653589793
RZZ 18 27 3.141592653589793
RZZ 18 28 3.141592653589793
RZZ 18 29 3.141592653589793
RZZ 18 30 3.141592653589793
RZZ 18 31 3.141592653589793
RZZ 18 32 3.141592653589793
RZZ 19 20 3.141592653589793
RZZ 19 21 3.141592653589793
RZZ 19 22 3.141592653589793
RZZ 19 23 3.141592653589793
RZZ 19 24 3.141592653589793
RZZ 19 25 3.141592653589793
RZZ 19 26 3.141592653589793
RZZ 19 27 3.141592653589793
RZZ 19 28 3.141592653589793
RZZ 19 29 3.141592653589793
RZZ 19 30 3.141592653589793
RZZ 19 31 3.141592653589793
RZZ 19 32 3.141592653589793
RZZ 20 21 3.141592653589793
RZZ 20 22 3.141592653589793
RZZ 20 23 3.141592653589793
RZZ 20 24 3.141592653589793
RZZ 20 25 3.141592653589793
RZZ 20 26 3.141592653589793
RZZ 20 27 3.141592653589793
RZZ 20 28 3.141592653589793
RZZ 20 29 3.141592653589793
RZZ 20 30 3.141592653589793
RZZ 20 31 3.141592653589793
RZZ 20 32 3.141592653589793
RZZ 21 22 3.141592653589793
RZZ 21 23 3.141592653589793
RZZ 21 24 3.141592653589793
RZZ 21 25 3.141592653589793
RZZ 21 26 3.141592653589793
RZZ 21 27 3.141592653589793
RZZ 21 28 3.141592653589793
RZZ 21 29 3.141592653589793
RZZ 21 30 3.141592653589793
RZZ 21 31 3.141592653589793
RZZ 21 32 3.141592653589793
RZZ 22 23 3.141592653589793
RZZ 22 24 3.141592653589793
RZZ 22 25 3.141592653589793
RZZ 22 26 3.141592653589793
RZZ 22 27 3.141592653589793
RZZ 22 28 3.141592653589793
RZZ 22 29 3.141592653589793
RZZ 22 30 3.141592653589793
RZZ 22 31 3.141592653589793
RZZ 22 32 3.141592653589793
RZZ 23 24 3.141592653589793
RZZ 23 25 3.141592653589793
RZZ 23 26 3.141592653589793
RZZ 23 27 3.141592653589793
RZZ 23 28 3.141592653589793
RZZ 23 29 3.141592653589793
RZZ 23 30 3.141592653589793
RZZ 23 31 3.141592653589793
RZZ 23 32 3.141592653589793
RZZ 24 25 3.141592653589793
RZZ 24 26 3.141592653589793
RZZ 24 27 3.141592653589793
RZZ 24 28 3.141592653589793
RZZ 24 29 3.141592653589793
RZZ 24 30 3.141592653589793
RZZ 24 31 3.141592653589793
RZZ 24 32 3.141592653589793
RZZ 25 26 3.141592653589793
RZZ 25 27 3.141592653589793
RZZ 25 28 3.141592653589793
RZZ 25 29 3.141592653589793
RZZ 25 30 3.141592653589793
RZZ 25 31 3.141592653589793
RZZ 25 32 3.141592653589793
RZZ 26 27 3.141592653589793
RZZ 26 28 3.141592653589793
RZZ 26 29 3.141592653589793
RZZ 26 30 3.141592653589793
RZZ 26 31 3.141592653589793
RZZ 26 32 3.141592653589793
RZZ 27 28 3.141592653589793
RZZ 27 29 3.141592653589793
RZZ 27 30 3.141592653589793
RZZ 27 31 3.141592653589793
RZZ 27 32 3.141592653589793
RZZ 28 29 3.141592653589793
RZZ 28 30 3.141592653589793
RZZ 28 31 3.141592653589793
RZZ 28 32 3.141592653589793
RZZ 29 30 3.141592653589793
RZZ 29 31 3.141592653589793
RZZ 29 32 3.141592653589793
RZZ 30 31 3.141592653589793
RZZ 30 32 3.141592653589793
RZZ 31 32 3.141592653589793
RX 0 3.141592653589793
RX 1 3.141592653589793
RX 2 3.141592653589793
RX 3 3.141592653589793
RX 4 3.141592653589793
RX 5 3.141592653589793
RX 6 3.141592653589793
RX 7 3.141592653589793
RX 8 3.141592653589793
RX 9 3.141592653589793
RX 10 3.141592653589793
RX 11 3.141592653589793
RX 12 3.141592653589793
RX 13 3.141592653589793
RX 14 3.141592653589793
RX 15 3.141592653589793
RX 16 3.141592653589793
RX 17 3.141592653589793
RX 18 3.141592653589793
RX 19 3.141592653589793
RX 20 3.141592653589793
RX 21 3.141592653589793
RX 22 3.141592653589793
RX 23 3.141592653589793
RX 24 3.141592653589793
RX 25 3.141592653589793
RX 26 3.141592653589793
RX 27 3.141592653589793
RX 28 3.141592653589793
RX 29 3.141592653589793
RX 30 3.141592653589793
RX 31 3.141592653589793
RX 32 3.141592653589793
RZZ 0 1 3.141592653589793
RZZ 0 2 3.141592653589793
RZZ 0 3 3.141592653589793
RZZ 0 4 3.141592653589793
RZZ 0 5 3.141592653589793
RZZ 0 6 3.141592653589793
RZZ 0 7 3.141592653589793
RZZ 0 8 3.141592653589793
RZZ 0 9 3.141592653589793
RZZ 0 10 3.141592653589793
RZZ 0 11 3.141592653589793
RZZ 0 12 3.141592653589793
RZZ 0 13 3.141592653589793
RZZ 0 14 3.141592653589793
RZZ 0 15 3.141592653589793
RZZ 0 16 3.141592653589793
RZZ 0 17 3.141592653589793
RZZ 0 18 3.141592653589793
RZZ 0 19 3.141592653589793
RZZ 0 20 3.141592653589793
RZZ 0 21 3.141592653589793
RZZ 0 22 3.141592653589793
RZZ 0 23 3.141592653589793
RZZ 0 24 3.141592653589793
RZZ 0 25 3.141592653589793
RZZ 0 26 3.141592653589793
RZZ 0 27 3.141592653589793
RZZ 0 28 3.141592653589793
RZZ 0 29 3.141592653589793
RZZ 0 30 3.141592653589793
RZZ 0 31 3.141592653589793
RZZ 0 32 3.141592653589793
RZZ 1 2 3.141592653589793
RZZ 1 3 3.141592653589793
RZZ 1 4 3.141592653589793
RZZ 1 5 3.141592653589793
RZZ 1 6 3.141592653589793
RZZ 1 7 3.141592653589793
RZZ 1 8 3.141592653589793
RZZ 1 9 3.141592653589793
RZZ 1 10 3.141592653589793
RZZ 1 11 3.141592653589793
RZZ 1 12 3.141592653589793
RZZ 1 13 3.141592653589793
RZZ 1 14 3.141592653589793
RZZ 1 15 3.141592653589793
RZZ 1 16 3.141592653589793
RZZ 1 17 3.141592653589793
RZZ 1 18 3.141592653589793
RZZ 1 19 3.141592653589793
RZZ 1 20 3.141592653589793
RZZ 1 21 3.141592653589793
RZZ 1 22 3.141592653589793
RZZ 1 23 3.141592653589793
RZZ 1 24 3.141592653589793
RZZ 1 25 3.141592653589793
RZZ 1 26 3.141592653589793
RZZ 1 27 3.141592653589793
RZZ 1 28 3.141592653589793
RZZ 1 29 3.141592653589793
RZZ 1 30 3.141592653589793
RZZ 1 31 3.141592653589793
RZZ 1 32 3.141592653589793
RZZ 2 3 3.141592653589793
RZZ 2 4 3.141592653589793
RZZ 2 5 3.141592653589793
RZZ 2 6 3.141592653589793
RZZ 2 7 3.141592653589793
RZZ 2 8 3.141592653589793
RZZ 2 9 3.141592653589793
RZZ 2 10 3.141592653589793
RZZ 2 11 3.141592653589793
RZZ 2 12 3.141592653589793
RZZ 2 13 3.141592653589793
RZZ 2 14 3.141592653589793
RZZ 2 15 3.141592653589793
RZZ 2 16 3.141592653589793
RZZ 2 17 3.141592653589793
RZZ 2 18 3.141592653589793
RZZ 2 19 3.141592653589793
RZZ 2 20 3.141592653589793
RZZ 2 21 3.141592653589793
RZZ 2 22 3.141592653589793
RZZ 2 23 3.141592653589793
RZZ 2 24 3.141592653589793
RZZ 2 25 3.141592653589793
RZZ 2 26 3.141592653589793
RZZ 2 27 3.141592653589793
RZZ 2 28 3.141592653589793
RZZ 2 29 3.141592653589793
RZZ 2 30 3.141592653589793
RZZ 2 31 3.141592653589793
RZZ 2 32 3.141592653589793
RZZ 3 4 3.141592653589793
RZZ 3 5 3.141592653589793
RZZ 3 6 3.141592653589793
RZZ 3 7 3.141592653589793
RZZ 3 8 3.141592653589793
RZZ 3 9 3.141592653589793
RZZ 3 10 3.141592653589793
RZZ 3 11 3.141592653589793
RZZ 3 12 3.141592653589793
RZZ 3 13 3.141592653589793
RZZ 3 14 3.141592653589793
RZZ 3 15 3.141592653589793
RZZ 3 16 3.141592653589793
RZZ 3 17 3.141592653589793
RZZ 3 18 3.141592653589793
RZZ 3 19 3.141592653589793
RZZ 3 20 3.141592653589793
RZZ 3 21 3.141592653589793
RZZ 3 22 3.141592653589793
RZZ 3 23 3.141592653589793
RZZ 3 24 3.141592653589793
RZZ 3 25 3.141592653589793
RZZ 3 26 3.141592653589793
RZZ 3 27 3.141592653589793
RZZ 3 28 3.141592653589793
RZZ 3 29 3.141592653589793
RZZ 3 30 3.141592653589793
RZZ 3 31 3.141592653589793
RZZ 3 32 3.141592653589793
RZZ 4 5 3.141592653589793
RZZ 4 6 3.141592653589793
RZZ 4 7 3.141592653589793
RZZ 4 8 3.141592653589793
RZZ 4 9 3.141592653589793
RZZ 4 10 3.141592653589793
RZZ 4 11 3.141592653589793
RZZ 4 12 3.141592653589793
RZZ 4 13 3.141592653589793
RZZ 4 14 3.141592653589793
RZZ 4 15 3.141592653589793
RZZ 4 16 3.141592653589793
RZZ 4 17 3.141592653589793
RZZ 4 18 3.141592653589793
RZZ 4 19 3.141592653589793
RZZ 4 20 3.141592653589793
RZZ 4 21 3.141592653589793
RZZ 4 22 3.141592653589793
RZZ 4 23 3.141592653589793
RZZ 4 24 3.141592653589793
RZZ 4 25 3.141592653589793
RZZ 4 26 3.141592653589793
RZZ 4 27 3.141592653589793
RZZ 4 28 3.141592653589793
RZZ 4 29 3.141592653589793
RZZ 4 30 3.141592653589793
RZZ 4 31 3.141592653589793
RZZ 4 32 3.141592653589793
RZZ 5 6 3.141592653589793
RZZ 5 7 3.141592653589793
RZZ 5 8 3.141592653589793
RZZ 5 9 3.141592653589793
RZZ 5 10 3.141592653589793
RZZ 5 11 3.141592653589793
RZZ 5 12 3.141592653589793
RZZ 5 13 3.141592653589793
RZZ 5 14 3.141592653589793
RZZ 5 15 3.141592653589793
RZZ 5 16 3.141592653589793
RZZ 5 17 3.141592653589793
RZZ 5 18 3.141592653589793
RZZ 5 19 3.141592653589793
RZZ 5 20 3.141592653589793
RZZ 5 21 3.141592653589793
RZZ 5 22 3.141592653589793
RZZ 5 23 3.141592653589793
RZZ 5 24 3.141592653589793
RZZ 5 25 3.141592653589793
RZZ 5 26 3.141592653589793
RZZ 5 27 3.141592653589793
RZZ 5 28 3.141592653589793
RZZ 5 29 3.141592653589793
RZZ 5 30 3.141592653589793
RZZ 5 31 3.141592653589793
RZZ 5 32 3.141592653589793
RZZ 6 7 3.141592653589793
RZZ 6 8 3.141592653589793
RZZ 6 9 3.141592653589793
RZZ 6 10 3.141592653589793
RZZ 6 11 3.141592653589793
RZZ 6 12 3.141592653589793
RZZ 6 13 3.141592653589793
RZZ 6 14 3.141592653589793
RZZ 6 15 3.141592653589793
RZZ 6 16 3.141592653589793
RZZ 6 17 3.141592653589793
RZZ 6 18 3.141592653589793
RZZ 6 19 3.141592653589793
RZZ 6 20 3.141592653589793
RZZ 6 21 3.141592653589793
RZZ 6 22 3.141592653589793
RZZ 6 23 3.141592653589793
RZZ 6 24 3.141592653589793
RZZ 6 25 3.141592653589793
RZZ 6 26 3.141592653589793
RZZ 6 27 3.141592653589793
RZZ 6 28 3.141592653589793
RZZ 6 29 3.141592653589793
RZZ 6 30 3.141592653589793
RZZ 6 31 3.141592653589793
RZZ 6 32 3.141592653589793
RZZ 7 8 3.141592653589793
RZZ 7 9 3.141592653589793
RZZ 7 10 3.141592653589793
RZZ 7 11 3.141592653589793
RZZ 7 12 3.141592653589793
RZZ 7 13 3.141592653589793
RZZ 7 14 3.141592653589793
RZZ 7 15 3.141592653589793
RZZ 7 16 3.141592653589793
RZZ 7 17 3.141592653589793
RZZ 7 18 3.141592653589793
RZZ 7 19 3.141592653589793
RZZ 7 20 3.141592653589793
RZZ 7 21 3.141592653589793
RZZ 7 22 3.141592653589793
RZZ 7 23 3.141592653589793
RZZ 7 24 3.141592653589793
RZZ 7 25 3.141592653589793
RZZ 7 26 3.141592653589793
RZZ 7 27 3.141592653589793
RZZ 7 28 3.141592653589793
RZZ 7 29 3.141592653589793
RZZ 7 30 3.141592653589793
RZZ 7 31 3.141592653589793
RZZ 7 32 3.141592653589793
RZZ 8 9 3.141592653589793
RZZ 8 10 3.141592653589793
RZZ 8 11 3.141592653589793
RZZ 8 12 3.141592653589793
RZZ 8 13 3.141592653589793
RZZ 8 14 3.141592653589793
RZZ 8 15 3.141592653589793
RZZ 8 16 3.141592653589793
RZZ 8 17 3.141592653589793
RZZ 8 18 3.141592653589793
RZZ 8 19 3.141592653589793
RZZ 8 20 3.141592653589793
RZZ 8 21 3.141592653589793
RZZ 8 22 3.141592653589793
RZZ 8 23 3.141592653589793
RZZ 8 24 3.141592653589793
RZZ 8 25 3.141592653589793
RZZ 8 26 3.141592653589793
RZZ 8 27 3.141592653589793
RZZ 8 28 3.141592653589793
RZZ 8 29 3.141592653589793
RZZ 8 30 3.141592653589793
RZZ 8 31 3.141592653589793
RZZ 8 32 3.141592653589793
RZZ 9 10 3.141592653589793
RZZ 9 11 3.141592653589793
RZZ 9 12 3.141592653589793
RZZ 9 13 3.141592653589793
RZZ 9 14 3.141592653589793
RZZ 9 15 3.141592653589793
RZZ 9 16 3.141592653589793
RZZ 9 17 3.141592653589793
RZZ 9 18 3.141592653589793
RZZ 9 19 3.141592653589793
RZZ 9 20 3.141592653589793
RZZ 9 21 3.141592653589793
RZZ 9 22 3.141592653589793
RZZ 9 23 3.141592653589793
RZZ 9 24 3.141592653589793
RZZ 9 25 3.141592653589793
RZZ 9 26 3.141592653589793
RZZ 9 27 3.141592653589793
RZZ 9 28 3.141592653589793
RZZ 9 29 3.141592653589793
RZZ 9 30 3.141592653589793
RZZ 9 31 3.141592653589793
RZZ 9 32 3.141592653589793
RZZ 10 11 3.141592653589793
RZZ 10 12 3.141592653589793
RZZ 10 13 3.141592653589793
RZZ 10 14 3.141592653589793
RZZ 10 15 3.141592653589793
RZZ 10 16 3.141592653589793
RZZ 10 17 3.141592653589793
RZZ 10 18 3.141592653589793
RZZ 10 19 3.141592653589793
RZZ 10 20 3.141592653589793
RZZ 10 21 3.141592653589793
RZZ 10 22 3.141592653589793
RZZ 10 23 3.141592653589793
RZZ 10 24 3.141592653589793
RZZ 10 25 3.141592653589793
RZZ 10 26 3.141592653589793
RZZ 10 27 3.141592653589793
RZZ 10 28 3.141592653589793
RZZ 10 29 3.141592653589793
RZZ 10 30 3.141592653589793
RZZ 10 31 3.141592653589793
RZZ 10 32 3.141592653589793
RZZ 11 12 3.141592653589793
RZZ 11 13 3.141592653589793
RZZ 11 14 3.141592653589793
RZZ 11 15 3.141592653589793
RZZ 11 16 3.141592653589793
RZZ 11 17 3.141592653589793
RZZ 11 18 3.141592653589793
RZZ 11 19 3.141592653589793
RZZ 11 20 3.141592653589793
RZZ 11 21 3.141592653589793
RZZ 11 22 3.141592653589793
RZZ 11 23 3.141592653589793
RZZ 11 24 3.141592653589793
RZZ 11 25 3.141592653589793
RZZ 11 26 3.141592653589793
RZZ 11 27 3.141592653589793
RZZ 11 28 3.141592653589793
RZZ 11 29 3.141592653589793
RZZ 11 30 3.141592653589793
RZZ 11 31 3.141592653589793
RZZ 11 32 3.141592653589793
RZZ 12 13 3.141592653589793
RZZ 12 14 3.141592653589793
RZZ 12 15 3.141592653589793
RZZ 12 16 3.141592653589793
RZZ 12 17 3.141592653589793
RZZ 12 18 3.141592653589793
RZZ 12 19 3.141592653589793
RZZ 12 20 3.141592653589793
RZZ 12 21 3.141592653589793
RZZ 12 22 3.141592653589793
RZZ 12 23 3.141592653589793
RZZ 12 24 3.141592653589793
RZZ 12 25 3.141592653589793
RZZ 12 26 3.141592653589793
RZZ 12 27 3.141592653589793
RZZ 12 28 3.141592653589793
RZZ 12 29 3.141592653589793
RZZ 12 30 3.141592653589793
RZZ 12 31 3.141592653589793
RZZ 12 32 3.141592653589793
RZZ 13 14 3.141592653589793
RZZ 13 15 3.141592653589793
RZZ 13 16 3.141592653589793
RZZ 13 17 3.141592653589793
RZZ 13 18 3.141592653589793
RZZ 13 19 3.141592653589793
RZZ 13 20 3.141592653589793
RZZ 13 21 3.141592653589793
RZZ 13 22 3.141592653589793
RZZ 13 23 3.141592653589793
RZZ 13 24 3.141592653589793
RZZ 13 25 3.141592653589793
RZZ 13 26 3.141592653589793
RZZ 13 27 3.141592653589793
RZZ 13 28 3.141592653589793
RZZ 13 29 3.141592653589793
RZZ 13 30 3.141592653589793
RZZ 13 31 3.141592653589793
RZZ 13 32 3.141592653589793
RZZ 14 15 3.141592653589793
RZZ 14 16 3.141592653589793
RZZ 14 17 3.141592653589793
RZZ 14 18 3.141592653589793
RZZ 14 19 3.141592653589793
RZZ 14 20 3.141592653589793
RZZ 14 21 3.141592653589793
RZZ 14 22 3.141592653589793
RZZ 14 23 3.141592653589793
RZZ 14 24 3.141592653589793
RZZ 14 25 3.141592653589793
RZZ 14 26 3.141592653589793
RZZ 14 27 3.141592653589793
RZZ 14 28 3.141592653589793
RZZ 14 29 3.141592653589793
RZZ 14 30 3.141592653589793
RZZ 14 31 3.141592653589793
RZZ 14 32 3.141592653589793
RZZ 15 16 3.141592653589793
RZZ 15 17 3.141592653589793
RZZ 15 18 3.141592653589793
RZZ 15 19 3.141592653589793
RZZ 15 20 3.141592653589793
RZZ 15 21 3.141592653589793
RZZ 15 22 3.141592653589793
RZZ 15 23 3.141592653589793
RZZ 15 24 3.141592653589793
RZZ 15 25 3.141592653589793
RZZ 15 26 3.141592653589793
RZZ 15 27 3.141592653589793
RZZ 15 28 3.141592653589793
RZZ 15 29 3.141592653589793
RZZ 15 30 3.141592653589793
RZZ 15 31 3.141592653589793
RZZ 15 32 3.141592653589793
RZZ 16 17 3.141592653589793
RZZ 16 18 3.141592653589793
RZZ 16 19 3.141592653589793
RZZ 16 20 3.141592653589793
RZZ 16 21 3.141592653589793
RZZ 16 22 3.141592653589793
RZZ 16 23 3.141592653589793
RZZ 16 24 3.141592653589793
RZZ 16 25 3.141592653589793
RZZ 16 26 3.141592653589793
RZZ 16 27 3.141592653589793
RZZ 16 28 3.141592653589793
RZZ 16 29 3.141592653589793
RZZ 16 30 3.141592653589793
RZZ 16 31 3.141592653589793
RZZ 16 32 3.141592653589793
RZZ 17 18 3.141592653589793
RZZ 17 19 3.141592653589793
RZZ 17 20 3.141592653589793
RZZ 17 21 3.141592653589793
RZZ 17 22 3.141592653589793
RZZ 17 23 3.141592653589793
RZZ 17 24 3.141592653589793
RZZ 17 25 3.141592653589793
RZZ 17 26 3.141592653589793
RZZ 17 27 3.141592653589793
RZZ 17 28 3.141592653589793
RZZ 17 29 3.141592653589793
RZZ 17 30 3.141592653589793
RZZ 17 31 3.141592653589793
RZZ 17 32 3.141592653589793
RZZ 18 19 3.141592653589793
RZZ 18 20 3.141592653589793
RZZ 18 21 3.141592653589793
RZZ 18 22 3.141592653589793
RZZ 18 23 3.141592653589793
RZZ 18 24 3.141592653589793
RZZ 18 25 3.141592653589793
RZZ 18 26 3.141592653589793
RZZ 18 27 3.141592653589793
RZZ 18 28 3.141592653589793
RZZ 18 29 3.141592653589793
RZZ 18 30 3.141592653589793
RZZ 18 31 3.141592653589793
RZZ 18 32 3.141592653589793
RZZ 19 20 3.141592653589793
RZZ 19 21 3.141592653589793
RZZ 19 22 3.141592653589793
RZZ 19 23 3.141592653589793
RZZ 19 24 3.141592653589793
RZZ 19 25 3.141592653589793
RZZ 19 26 3.141592653589793
RZZ 19 27 3.141592653589793
RZZ 19 28 3.141592653589793
RZZ 19 29 3.141592653589793
RZZ 19 30 3.141592653589793
RZZ 19 31 3.141592653589793
RZZ 19 32 3.141592653589793
RZZ 20 21 3.141592653589793
RZZ 20 22 3.141592653589793
RZZ 20 23 3.141592653589793
RZZ 20 24 3.141592653589793
RZZ 20 25 3.141592653589793
RZZ 20 26 3.141592653589793
RZZ 20 27 3.141592653589793
RZZ 20 28 3.141592653589793
RZZ 20 29 3.141592653589793
RZZ 20 30 3.141592653589793
RZZ 20 31 3.141592653589793
RZZ 20 32 3.141592653589793
RZZ 21 22 3.141592653589793
RZZ 21 23 3.141592653589793
RZZ 21 24 3.141592653589793
RZZ 21 25 3.141592653589793
RZZ 21 26 3.141592653589793
RZZ 21 27 3.141592653589793
RZZ 21 28 3.141592653589793
RZZ 21 29 3.141592653589793
RZZ 21 30 3.141592653589793
RZZ 21 31 3.141592653589793
RZZ 21 32 3.141592653589793
RZZ 22 23 3.141592653589793
RZZ 22 24 3.141592653589793
RZZ 22 25 3.141592653589793
RZZ 22 26 3.141592653589793
RZZ 22 27 3.141592653589793
RZZ 22 28 3.141592653589793
RZZ 22 29 3.141592653589793
RZZ 22 30 3.141592653589793
RZZ 22 31 3.141592653589793
RZZ 22 32 3.141592653589793
RZZ 23 24 3.141592653589793
RZZ 23 25 3.141592653589793
RZZ 23 26 3.141592653589793
RZZ 23 27 3.141592653589793
RZZ 23 28 3.141592653589793
RZZ 23 29 3.141592653589793
RZZ 23 30 3.141592653589793
RZZ 23 31 3.141592653589793
RZZ 23 32 3.141592653589793
RZZ 24 25 3.141592653589793
RZZ 24 26 3.141592653589793
RZZ 24 27 3.141592653589793
RZZ 24 28 3.141592653589793
RZZ 24 29 3.141592653589793
RZZ 24 30 3.141592653589793
RZZ 24 31 3.141592653589793
RZZ 24 32 3.141592653589793
RZZ 25 26 3.141592653589793
RZZ 25 27 3.141592653589793
RZZ 25 28 3.141592653589793
RZZ 25 29 3.141592653589793
RZZ 25 30 3.141592653589793
RZZ 25 31 3.141592653589793
RZZ 25 32 3.141592653589793
RZZ 26 27 3.141592653589793
RZZ 26 28 3.141592653589793
RZZ 26 29 3.141592653589793
RZZ 26 30 3.141592653589793
RZZ 26 31 3.141592653589793
RZZ 26 32 3.141592653589793
RZZ 27 28 3.141592653589793
RZZ 27 29 3.141592653589793
RZZ 27 30 3.141592653589793
RZZ 27 31 3.141592653589793
RZZ 27 32 3.141592653589793
RZZ 28 29 3.141592653589793
RZZ 28 30 3.141592653589793
RZZ 28 31 3.141592653589793
RZZ 28 32 3.141592653589793
RZZ 29 30 3.141592653589793
RZZ 29 31 3.141592653589793
RZZ 29 32 3.141592653589793
RZZ 30 31 3.141592653589793
RZZ 30 32 3.141592653589793
RZZ 31 32 3.141592653589793
RX 0 3.141592653589793
RX 1 3.141592653589793
RX 2 3.141592653589793
RX 3 3.141592653589793
RX 4 3.141592653589793
RX 5 3.141592653589793
RX 6 3.141592653589793
RX 7 3.141592653589793
RX 8 3.141592653589793
RX 9 3.141592653589793
RX 10 3.141592653589793
RX 11 3.141592653589793
RX 12 3.141592653589793
RX 13 3.141592653589793
RX 14 3.141592653589793
RX 15 3.141592653589793
RX 16 3.141592653589793
RX 17 3.141592653589793
RX 18 3.141592653589793
RX 19 3.141592653589793
RX 20 3.141592653589793
RX 21 3.141592653589793
RX 22 3.141592653589793
RX 23 3.141592653589793
RX 24 3.141592653589793
RX 25 3.141592653589793
RX 26 3.141592653589793
RX 27 3.141592653589793
RX 28 3.141592653589793
RX 29 3.141592653589793
RX 30 3.141592653589793
RX 31 3.141592653589793
RX 32 3.141592653589793
RZZ 0 1 3.141592653589793
RZZ 0 2 3.141592653589793
RZZ 0 3 3.141592653589793
RZZ 0 4 3.141592653589793
RZZ 0 5 3.141592653589793
RZZ 0 6 3.141592653589793
RZZ 0 7 3.141592653589793
RZZ 0 8 3.141592653589793
RZZ 0 9 3.141592653589793
RZZ 0 10 3.141592653589793
RZZ 0 11 3.141592653589793
RZZ 0 12 3.141592653589793
RZZ 0 13 3.141592653589793
RZZ 0 14 3.141592653589793
RZZ 0 15 3.141592653589793
RZZ 0 16 3.141592653589793
RZZ 0 17 3.141592653589793
RZZ 0 18 3.141592653589793
RZZ 0 19 3.141592653589793
RZZ 0 20 3.141592653589793
RZZ 0 21 3.141592653589793
RZZ 0 22 3.141592653589793
RZZ 0 23 3.141592653589793
RZZ 0 24 3.141592653589793
RZZ 0 25 3.141592653589793
RZZ 0 26 3.141592653589793
RZZ 0 27 3.141592653589793
RZZ 0 28 3.141592653589793
RZZ 0 29 3.141592653589793
RZZ 0 30 3.141592653589793
RZZ 0 31 3.141592653589793
RZZ 0 32 3.141592653589793
RZZ 1 2 3.141592653589793
RZZ 1 3 3.141592653589793
RZZ 1 4 3.141592653589793
RZZ 1 5 3.141592653589793
RZZ 1 6 3.141592653589793
RZZ 1 7 3.141592653589793
RZZ 1 8 3.141592653589793
RZZ 1 9 3.141592653589793
RZZ 1 10 3.141592653589793
RZZ 1 11 3.141592653589793
RZZ 1 12 3.141592653589793
RZZ 1 13 3.141592653589793
RZZ 1 14 3.141592653589793
RZZ 1 15 3.141592653589793
RZZ 1 16 3.141592653589793
RZZ 1 17 3.141592653589793
RZZ 1 18 3.141592653589793
RZZ 1 19 3.141592653589793
RZZ 1 20 3.141592653589793
RZZ 1 21 3.141592653589793
RZZ 1 22 3.141592653589793
RZZ 1 23 3.141592653589793
RZZ 1 24 3.141592653589793
RZZ 1 25 3.141592653589793
RZZ 1 26 3.141592653589793
RZZ 1 27 3.141592653589793
RZZ 1 28 3.141592653589793
RZZ 1 29 3.141592653589793
RZZ 1 30 3.141592653589793
RZZ 1 31 3.141592653589793
RZZ 1 32 3.141592653589793
RZZ 2 3 3.141592653589793
RZZ 2 4 3.141592653589793
RZZ 2 5 3.141592653589793
RZZ 2 6 3.141592653589793
RZZ 2 7 3.141592653589793
RZZ 2 8 3.141592653589793
RZZ 2 9 3.141592653589793
RZZ 2 10 3.141592653589793
RZZ 2 11 3.141592653589793
RZZ 2 12 3.141592653589793
RZZ 2 13 3.141592653589793
RZZ 2 14 3.141592653589793
RZZ 2 15 3.141592653589793
RZZ 2 16 3.141592653589793
RZZ 2 17 3.141592653589793
RZZ 2 18 3.141592653589793
RZZ 2 19 3.141592653589793
RZZ 2 20 3.141592653589793
RZZ 2 21 3.141592653589793
RZZ 2 22 3.141592653589793
RZZ 2 23 3.141592653589793
RZZ 2 24 3.141592653589793
RZZ 2 25 3.141592653589793
RZZ 2 26 3.141592653589793
RZZ 2 27 3.141592653589793
RZZ 2 28 3.141592653589793
RZZ 2 29 3.141592653589793
RZZ 2 30 3.141592653589793
RZZ 2 31 3.141592653589793
RZZ 2 32 3.141592653589793
RZZ 3 4 3.141592653589793
RZZ 3 5 3.141592653589793
RZZ 3 6 3.141592653589793
RZZ 3 7 3.141592653589793
RZZ 3 8 3.141592653589793
RZZ 3 9 3.141592653589793
RZZ 3 10 3.141592653589793
RZZ 3 11 3.141592653589793
RZZ 3 12 3.141592653589793
RZZ 3 13 3.141592653589793
RZZ 3 14 3.141592653589793
RZZ 3 15 3.141592653589793
RZZ 3 16 3.141592653589793
RZZ 3 17 3.141592653589793
RZZ 3 18 3.141592653589793
RZZ 3 19 3.141592653589793
RZZ 3 20 3.141592653589793
RZZ 3 21 3.141592653589793
RZZ 3 22 3.141592653589793
RZZ 3 23 3.141592653589793
RZZ 3 24 3.141592653589793
RZZ 3 25 3.141592653589793
RZZ 3 26 3.141592653589793
RZZ 3 27 3.141592653589793
RZZ 3 28 3.141592653589793
RZZ 3 29 3.141592653589793
RZZ 3 30 3.141592653589793
RZZ 3 31 3.141592653589793
RZZ 3 32 3.141592653589793
RZZ 4 5 3.141592653589793
RZZ 4 6 3.141592653589793
RZZ 4 7 3.141592653589793
RZZ 4 8 3.141592653589793
RZZ 4 9 3.141592653589793
RZZ 4 10 3.141592653589793
RZZ 4 11 3.141592653589793
RZZ 4 12 3.141592653589793
RZZ 4 13 3.141592653589793
RZZ 4 14 3.141592653589793
RZZ 4 15 3.141592653589793
RZZ 4 16 3.141592653589793
RZZ 4 17 3.141592653589793
RZZ 4 18 3.141592653589793
RZZ 4 19 3.141592653589793
RZZ 4 20 3.141592653589793
RZZ 4 21 3.141592653589793
RZZ 4 22 3.141592653589793
RZZ 4 23 3.141592653589793
RZZ 4 24 3.141592653589793
RZZ 4 25 3.141592653589793
RZZ 4 26 3.141592653589793
RZZ 4 27 3.141592653589793
RZZ 4 28 3.141592653589793
RZZ 4 29 3.141592653589793
RZZ 4 30 3.141592653589793
RZZ 4 31 3.141592653589793
RZZ 4 32 3.141592653589793
RZZ 5 6 3.141592653589793
RZZ 5 7 3.141592653589793
RZZ 5 8 3.141592653589793
RZZ 5 9 3.141592653589793
RZZ 5 10 3.141592653589793
RZZ 5 11 3.141592653589793
RZZ 5 12 3.141592653589793
RZZ 5 13 3.141592653589793
RZZ 5 14 3.141592653589793
RZZ 5 15 3.141592653589793
RZZ 5 16 3.141592653589793
RZZ 5 17 3.141592653589793
RZZ 5 18 3.141592653589793
RZZ 5 19 3.141592653589793
RZZ 5 20 3.141592653589793
RZZ 5 21 3.141592653589793
RZZ 5 22 3.141592653589793
RZZ 5 23 3.141592653589793
RZZ 5 24 3.141592653589793
RZZ 5 25 3.141592653589793
RZZ 5 26 3.141592653589793
RZZ 5 27 3.141592653589793
RZZ 5 28 3.141592653589793
RZZ 5 29 3.141592653589793
RZZ 5 30 3.141592653589793
RZZ 5 31 3.141592653589793
RZZ 5 32 3.141592653589793
RZZ 6 7 3.141592653589793
RZZ 6 8 3.141592653589793
RZZ 6 9 3.141592653589793
RZZ 6 10 3.141592653589793
RZZ 6 11 3.141592653589793
RZZ 6 12 3.141592653589793
RZZ 6 13 3.141592653589793
RZZ 6 14 3.141592653589793
RZZ 6 15 3.141592653589793
RZZ 6 16 3.141592653589793
RZZ 6 17 3.141592653589793
RZZ 6 18 3.141592653589793
RZZ 6 19 3.141592653589793
RZZ 6 20 3.141592653589793
RZZ 6 21 3.141592653589793
RZZ 6 22 3.141592653589793
RZZ 6 23 3.141592653589793
RZZ 6 24 3.141592653589793
RZZ 6 25 3.141592653589793
RZZ 6 26 3.141592653589793
RZZ 6 27 3.141592653589793
RZZ 6 28 3.141592653589793
RZZ 6 29 3.141592653589793
RZZ 6 30 3.141592653589793
RZZ 6 31 3.141592653589793
RZZ 6 32 3.141592653589793
RZZ 7 8 3.141592653589793
RZZ 7 9 3.141592653589793
RZZ 7 10 3.141592653589793
RZZ 7 11 3.141592653589793
RZZ 7 12 3.141592653589793
RZZ 7 13 3.141592653589793
RZZ 7 14 3.141592653589793
RZZ 7 15 3.141592653589793
RZZ 7 16 3.141592653589793
RZZ 7 17 3.141592653589793
RZZ 7 18 3.141592653589793
RZZ 7 19 3.141592653589793
RZZ 7 20 3.141592653589793
RZZ 7 21 3.141592653589793
RZZ 7 22 3.141592653589793
RZZ 7 23 3.141592653589793
RZZ 7 24 3.141592653589793
RZZ 7 25 3.141592653589793
RZZ 7 26 3.141592653589793
RZZ 7 27 3.141592653589793
RZZ 7 28 3.141592653589793
RZZ 7 29 3.141592653589793
RZZ 7 30 3.141592653589793
RZZ 7 31 3.141592653589793
RZZ 7 32 3.141592653589793
RZZ 8 9 3.141592653589793
RZZ 8 10 3.141592653589793
RZZ 8 11 3.141592653589793
RZZ 8 12 3.141592653589793
RZZ 8 13 3.141592653589793
RZZ 8 14 3.141592653589793
RZZ 8 15 3.141592653589793
RZZ 8 16 3.141592653589793
RZZ 8 17 3.141592653589793
RZZ 8 18 3.141592653589793
RZZ 8 19 3.141592653589793
RZZ 8 20 3.141592653589793
RZZ 8 21 3.141592653589793
RZZ 8 22 3.141592653589793
RZZ 8 23 3.141592653589793
RZZ 8 24 3.141592653589793
RZZ 8 25 3.141592653589793
RZZ 8 26 3.141592653589793
RZZ 8 27 3.141592653589793
RZZ 8 28 3.141592653589793
RZZ 8 29 3.141592653589793
RZZ 8 30 3.141592653589793
RZZ 8 31 3.141592653589793
RZZ 8 32 3.141592653589793
RZZ 9 10 3.141592653589793
RZZ 9 11 3.141592653589793
RZZ 9 12 3.141592653589793
RZZ 9 13 3.141592653589793
RZZ 9 14 3.141592653589793
RZZ 9 15 3.141592653589793
RZZ 9 16 3.141592653589793
RZZ 9 17 3.141592653589793
RZZ 9 18 3.141592653589793
RZZ 9 19 3.141592653589793
RZZ 9 20 3.141592653589793
RZZ 9 21 3.141592653589793
RZZ 9 22 3.141592653589793
RZZ 9 23 3.141592653589793
RZZ 9 24 3.141592653589793
RZZ 9 25 3.141592653589793
RZZ 9 26 3.141592653589793
RZZ 9 27 3.141592653589793
RZZ 9 28 3.141592653589793
RZZ 9 29 3.141592653589793
RZZ 9 30 3.141592653589793
RZZ 9 31 3.141592653589793
RZZ 9 32 3.141592653589793
RZZ 10 11 3.141592653589793
RZZ 10 12 3.141592653589793
RZZ 10 13 3.141592653589793
RZZ 10 14 3.141592653589793
RZZ 10 15 3.141592653589793
RZZ 10 16 3.141592653589793
RZZ 10 17 3.141592653589793
RZZ 10 18 3.141592653589793
RZZ 10 19 3.141592653589793
RZZ 10 20 3.141592653589793
RZZ 10 21 3.141592653589793
RZZ 10 22 3.141592653589793
RZZ 10 23 3.141592653589793
RZZ 10 24 3.141592653589793
RZZ 10 25 3.141592653589793
RZZ 10 26 3.141592653589793
RZZ 10 27 3.141592653589793
RZZ 10 28 3.141592653589793
RZZ 10 29 3.141592653589793
RZZ 10 30 3.141592653589793
RZZ 10 31 3.141592653589793
RZZ 10 32 3.141592653589793
RZZ 11 12 3.141592653589793
RZZ 11 13 3.141592653589793
RZZ 11 14 3.141592653589793
RZZ 11 15 3.141592653589793
RZZ 11 16 3.141592653589793
RZZ 11 17 3.141592653589793
RZZ 11 18 3.141592653589793
RZZ 11 19 3.141592653589793
RZZ 11 20 3.141592653589793
RZZ 11 21 3.141592653589793
RZZ 11 22 3.141592653589793
RZZ 11 23 3.141592653589793
RZZ 11 24 3.141592653589793
RZZ 11 25 3.141592653589793
RZZ 11 26 3.141592653589793
RZZ 11 27 3.141592653589793
RZZ 11 28 3.141592653589793
RZZ 11 29 3.141592653589793
RZZ 11 30 3.141592653589793
RZZ 11 31 3.141592653589793
RZZ 11 32 3.141592653589793
RZZ 12 13 3.141592653589793
RZZ 12 14 3.141592653589793
RZZ 12 15 3.141592653589793
RZZ 12 16 3.141592653589793
RZZ 12 17 3.141592653589793
RZZ 12 18 3.141592653589793
RZZ 12 19 3.141592653589793
RZZ 12 20 3.141592653589793
RZZ 12 21 3.141592653589793
RZZ 12 22 3.141592653589793
RZZ 12 23 3.141592653589793
RZZ 12 24 3.141592653589793
RZZ 12 25 3.141592653589793
RZZ 12 26 3.141592653589793
RZZ 12 27 3.141592653589793
RZZ 12 28 3.141592653589793
RZZ 12 29 3.141592653589793
RZZ 12 30 3.141592653589793
RZZ 12 31 3.141592653589793
RZZ 12 32 3.141592653589793
RZZ 13 14 3.141592653589793
RZZ 13 15 3.141592653589793
RZZ 13 16 3.141592653589793
RZZ 13 17 3.141592653589793
RZZ 13 18 3.141592653589793
RZZ 13 19 3.141592653589793
RZZ 13 20 3.141592653589793
RZZ 13 21 3.141592653589793
RZZ 13 22 3.141592653589793
RZZ 13 23 3.141592653589793
RZZ 13 24 3.141592653589793
RZZ 13 25 3.141592653589793
RZZ 13 26 3.141592653589793
RZZ 13 27 3.141592653589793
RZZ 13 28 3.141592653589793
RZZ 13 29 3.141592653589793
RZZ 13 30 3.141592653589793
RZZ 13 31 3.141592653589793
RZZ 13 32 3.141592653589793
RZZ 14 15 3.141592653589793
RZZ 14 16 3.141592653589793
RZZ 14 17 3.141592653589793
RZZ 14 18 3.141592653589793
RZZ 14 19 3.141592653589793
RZZ 14 20 3.141592653589793
RZZ 14 21 3.141592653589793
RZZ 14 22 3.141592653589793
RZZ 14 23 3.141592653589793
RZZ 14 24 3.141592653589793
RZZ 14 25 3.141592653589793
RZZ 14 26 3.141592653589793
RZZ 14 27 3.141592653589793
RZZ 14 28 3.141592653589793
RZZ 14 29 3.141592653589793
RZZ 14 30 3.141592653589793
RZZ 14 31 3.141592653589793
RZZ 14 32 3.141592653589793
RZZ 15 16 3.141592653589793
RZZ 15 17 3.141592653589793
RZZ 15 18 3.141592653589793
RZZ 15 19 3.141592653589793
RZZ 15 20 3.141592653589793
RZZ 15 21 3.141592653589793
RZZ 15 22 3.141592653589793
RZZ 15 23 3.141592653589793
RZZ 15 24 3.141592653589793
RZZ 15 25 3.141592653589793
RZZ 15 26 3.141592653589793
RZZ 15 27 3.141592653589793
RZZ 15 28 3.141592653589793
RZZ 15 29 3.141592653589793
RZZ 15 30 3.141592653589793
RZZ 15 31 3.141592653589793
RZZ 15 32 3.141592653589793
RZZ 16 17 3.141592653589793
RZZ 16 18 3.141592653589793
RZZ 16 19 3.141592653589793
RZZ 16 20 3.141592653589793
RZZ 16 21 3.141592653589793
RZZ 16 22 3.141592653589793
RZZ 16 23 3.141592653589793
RZZ 16 24 3.141592653589793
RZZ 16 25 3.141592653589793
RZZ 16 26 3.141592653589793
RZZ 16 27 3.141592653589793
RZZ 16 28 3.141592653589793
RZZ 16 29 3.141592653589793
RZZ 16 30 3.141592653589793
RZZ 16 31 3.141592653589793
RZZ 16 32 3.141592653589793
RZZ 17 18 3.141592653589793
RZZ 17 19 3.141592653589793
RZZ 17 20 3.141592653589793
RZZ 17 21 3.141592653589793
RZZ 17 22 3.141592653589793
RZZ 17 23 3.141592653589793
RZZ 17 24 3.141592653589793
RZZ 17 25 3.141592653589793
RZZ 17 26 3.141592653589793
RZZ 17 27 3.141592653589793
RZZ 17 28 3.141592653589793
RZZ 17 29 3.141592653589793
RZZ 17 30 3.141592653589793
RZZ 17 31 3.141592653589793
RZZ 17 32 3.141592653589793
RZZ 18 19 3.141592653589793
RZZ 18 20 3.141592653589793
RZZ 18 21 3.141592653589793
RZZ 18 22 3.141592653589793
RZZ 18 23 3.141592653589793
RZZ 18 24 3.141592653589793
RZZ 18 25 3.141592653589793
RZZ 18 26 3.141592653589793
RZZ 18 27 3.141592653589793
RZZ 18 28 3.141592653589793
RZZ 18 29 3.141592653589793
RZZ 18 30 3.141592653589793
RZZ 18 31 3.141592653589793
RZZ 18 32 3.141592653589793
RZZ 19 20 3.141592653589793
RZZ 19 21 3.141592653589793
RZZ 19 22 3.141592653589793
RZZ 19 23 3.141592653589793
RZZ 19 24 3.141592653589793
RZZ 19 25 3.141592653589793
RZZ 19 26 3.141592653589793
RZZ 19 27 3.141592653589793
RZZ 19 28 3.141592653589793
RZZ 19 29 3.141592653589793
RZZ 19 30 3.141592653589793
RZZ 19 31 3.141592653589793
RZZ 19 32 3.141592653589793
RZZ 20 21 3.141592653589793
RZZ 20 22 3.141592653589793
RZZ 20 23 3.141592653589793
RZZ 20 24 3.141592653589793
RZZ 20 25 3.141592653589793
RZZ 20 26 3.141592653589793
RZZ 20 27 3.141592653589793
RZZ 20 28 3.141592653589793
RZZ 20 29 3.141592653589793
RZZ 20 30 3.141592653589793
RZZ 20 31 3.141592653589793
RZZ 20 32 3.141592653589793
RZZ 21 22 3.141592653589793
RZZ 21 23 3.141592653589793
RZZ 21 24 3.141592653589793
RZZ 21 25 3.141592653589793
RZZ 21 26 3.141592653589793
RZZ 21 27 3.141592653589793
RZZ 21 28 3.141592653589793
RZZ 21 29 3.141592653589793
RZZ 21 30 3.141592653589793
RZZ 21 31 3.141592653589793
RZZ 21 32 3.141592653589793
RZZ 22 23 3.141592653589793
RZZ 22 24 3.141592653589793
RZZ 22 25 3.141592653589793
RZZ 22 26 3.141592653589793
RZZ 22 27 3.141592653589793
RZZ 22 28 3.141592653589793
RZZ 22 29 3.141592653589793
RZZ 22 30 3.141592653589793
RZZ 22 31 3.141592653589793
RZZ 22 32 3.141592653589793
RZZ 23 24 3.141592653589793
RZZ 23 25 3.141592653589793
RZZ 23 26 3.141592653589793
RZZ 23 27 3.141592653589793
RZZ 23 28 3.141592653589793
RZZ 23 29 3.141592653589793
RZZ 23 30 3.141592653589793
RZZ 23 31 3.141592653589793
RZZ 23 32 3.141592653589793
RZZ 24 25 3.141592653589793
RZZ 24 26 3.141592653589793
RZZ 24 27 3.141592653589793
RZZ 24 28 3.141592653589793
RZZ 24 29 3.141592653589793
RZZ 24 30 3.141592653589793
RZZ 24 31 3.141592653589793
RZZ 24 32 3.141592653589793
RZZ 25 26 3.141592653589793
RZZ 25 27 3.141592653589793
RZZ 25 28 3.141592653589793
RZZ 25 29 3.141592653589793
RZZ 25 30 3.141592653589793
RZZ 25 31 3.141592653589793
RZZ 25 32 3.141592653589793
RZZ 26 27 3.141592653589793
RZZ 26 28 3.141592653589793
RZZ 26 29 3.141592653589793
RZZ 26 30 3.141592653589793
RZZ 26 31 3.141592653589793
RZZ 26 32 3.141592653589793
RZZ 27 28 3.141592653589793
RZZ 27 29 3.141592653589793
RZZ 27 30 3.141592653589793
RZZ 27 31 3.141592653589793
RZZ 27 32 3.141592653589793
RZZ 28 29 3.141592653589793
RZZ 28 30 3.141592653589793
RZZ 28 31 3.141592653589793
RZZ 28 32 3.141592653589793
RZZ 29 30 3.141592653589793
RZZ 29 31 3.141592653589793
RZZ 29 32 3.141592653589793
RZZ 30 31 3.141592653589793
RZZ 30 32 3.141592653589793
RZZ 31 32 3.141592653589793
RX 0 3.141592653589793
RX 1 3.141592653589793
RX 2 3.141592653589793
RX 3 3.141592653589793
RX 4 3.141592653589793
RX 5 3.141592653589793
RX 6 3.141592653589793
RX 7 3.141592653589793
RX 8 3.141592653589793
RX 9 3.141592653589793
RX 10 3.141592653589793
RX 11 3.141592653589793
RX 12 3.141592653589793
RX 13 3.141592653589793
RX 14 3.141592653589793
RX 15 3.141592653589793
RX 16 3.141592653589793
RX 17 3.141592653589793
RX 18 3.141592653589793
RX 19 3.141592653589793
RX 20 3.141592653589793
RX 21 3.141592653589793
RX 22 3.141592653589793
RX 23 3.141592653589793
RX 24 3.141592653589793
RX 25 3.141592653589793
RX 26 3.141592653589793
RX 27 3.141592653589793
RX 28 3.141592653589793
RX 29 3.141592653589793
RX 30 3.141592653589793
RX 31 3.141592653589793
RX 32 3.141592653589793
RZZ 0 1 3.141592653589793
RZZ 0 2 3.141592653589793
RZZ 0 3 3.141592653589793
RZZ 0 4 3.141592653589793
RZZ 0 5 3.141592653589793
RZZ 0 6 3.141592653589793
RZZ 0 7 3.141592653589793
RZZ 0 8 3.141592653589793
RZZ 0 9 3.141592653589793
RZZ 0 10 3.141592653589793
RZZ 0 11 3.141592653589793
RZZ 0 12 3.141592653589793
RZZ 0 13 3.141592653589793
RZZ 0 14 3.141592653589793
RZZ 0 15 3.141592653589793
RZZ 0 16 3.141592653589793
RZZ 0 17 3.141592653589793
RZZ 0 18 3.141592653589793
RZZ 0 19 3.141592653589793
RZZ 0 20 3.141592653589793
RZZ 0 21 3.141592653589793
RZZ 0 22 3.141592653589793
RZZ 0 23 3.141592653589793
RZZ 0 24 3.141592653589793
RZZ 0 25 3.141592653589793
RZZ 0 26 3.141592653589793
RZZ 0 27 3.141592653589793
RZZ 0 28 3.141592653589793
RZZ 0 29 3.141592653589793
RZZ 0 30 3.141592653589793
RZZ 0 31 3.141592653589793
RZZ 0 32 3.141592653589793
RZZ 1 2 3.141592653589793
RZZ 1 3 3.141592653589793
RZZ 1 4 3.141592653589793
RZZ 1 5 3.141592653589793
RZZ 1 6 3.141592653589793
RZZ 1 7 3.141592653589793
RZZ 1 8 3.141592653589793
RZZ 1 9 3.141592653589793
RZZ 1 10 3.141592653589793
RZZ 1 11 3.141592653589793
RZZ 1 12 3.141592653589793
RZZ 1 13 3.141592653589793
RZZ 1 14 3.141592653589793
RZZ 1 15 3.141592653589793
RZZ 1 16 3.141592653589793
RZZ 1 17 3.141592653589793
RZZ 1 18 3.141592653589793
RZZ 1 19 3.141592653589793
RZZ 1 20 3.141592653589793
RZZ 1 21 3.141592653589793
RZZ 1 22 3.141592653589793
RZZ 1 23 3.141592653589793
RZZ 1 24 3.141592653589793
RZZ 1 25 3.141592653589793
RZZ 1 26 3.141592653589793
RZZ 1 27 3.141592653589793
RZZ 1 28 3.141592653589793
RZZ 1 29 3.141592653589793
RZZ 1 30 3.141592653589793
RZZ 1 31 3.141592653589793
RZZ 1 32 3.141592653589793
RZZ 2 3 3.141592653589793
RZZ 2 4 3.141592653589793
RZZ 2 5 3.141592653589793
RZZ 2 6 3.141592653589793
RZZ 2 7 3.141592653589793
RZZ 2 8 3.141592653589793
RZZ 2 9 3.141592653589793
RZZ 2 10 3.141592653589793
RZZ 2 11 3.141592653589793
RZZ 2 12 3.141592653589793
RZZ 2 13 3.141592653589793
RZZ 2 14 3.141592653589793
RZZ 2 15 3.141592653589793
RZZ 2 16 3.141592653589793
RZZ 2 17 3.141592653589793
RZZ 2 18 3.141592653589793
RZZ 2 19 3.141592653589793
RZZ 2 20 3.141592653589793
RZZ 2 21 3.141592653589793
RZZ 2 22 3.141592653589793
RZZ 2 23 3.141592653589793
RZZ 2 24 3.141592653589793
RZZ 2 25 3.141592653589793
RZZ 2 26 3.141592653589793
RZZ 2 27 3.141592653589793
RZZ 2 28 3.141592653589793
RZZ 2 29 3.141592653589793
RZZ 2 30 3.141592653589793
RZZ 2 31 3.141592653589793
RZZ 2 32 3.141592653589793
RZZ 3 4 3.141592653589793
RZZ 3 5 3.141592653589793
RZZ 3 6 3.141592653589793
RZZ 3 7 3.141592653589793
RZZ 3 8 3.141592653589793
RZZ 3 9 3.141592653589793
RZZ 3 10 3.141592653589793
RZZ 3 11 3.141592653589793
RZZ 3 12 3.141592653589793
RZZ 3 13 3.141592653589793
RZZ 3 14 3.141592653589793
RZZ 3 15 3.141592653589793
RZZ 3 16 3.141592653589793
RZZ 3 17 3.141592653589793
RZZ 3 18 3.141592653589793
RZZ 3 19 3.141592653589793
RZZ 3 20 3.141592653589793
RZZ 3 21 3.141592653589793
RZZ 3 22 3.141592653589793
RZZ 3 23 3.141592653589793
RZZ 3 24 3.141592653589793
RZZ 3 25 3.141592653589793
RZZ 3 26 3.141592653589793
RZZ 3 27 3.141592653589793
RZZ 3 28 3.141592653589793
RZZ 3 29 3.141592653589793
RZZ 3 30 3.141592653589793
RZZ 3 31 3.141592653589793
RZZ 3 32 3.141592653589793
RZZ 4 5 3.141592653589793
RZZ 4 6 3.141592653589793
RZZ 4 7 3.141592653589793
RZZ 4 8 3.141592653589793
RZZ 4 9 3.141592653589793
RZZ 4 10 3.141592653589793
RZZ 4 11 3.141592653589793
RZZ 4 12 3.141592653589793
RZZ 4 13 3.141592653589793
RZZ 4 14 3.141592653589793
RZZ 4 15 3.141592653589793
RZZ 4 16 3.141592653589793
RZZ 4 17 3.141592653589793
RZZ 4 18 3.141592653589793
RZZ 4 19 3.141592653589793
RZZ 4 20 3.141592653589793
RZZ 4 21 3.141592653589793
RZZ 4 22 3.141592653589793
RZZ 4 23 3.141592653589793
RZZ 4 24 3.141592653589793
RZZ 4 25 3.141592653589793
RZZ 4 26 3.141592653589793
RZZ 4 27 3.141592653589793
RZZ 4 28 3.141592653589793
RZZ 4 29 3.141592653589793
RZZ 4 30 3.141592653589793
RZZ 4 31 3.141592653589793
RZZ 4 32 3.141592653589793
RZZ 5 6 3.141592653589793
RZZ 5 7 3.141592653589793
RZZ 5 8 3.141592653589793
RZZ 5 9 3.141592653589793
RZZ 5 10 3.141592653589793
RZZ 5 11 3.141592653589793
RZZ 5 12 3.141592653589793
RZZ 5 13 3.141592653589793
RZZ 5 14 3.141592653589793
RZZ 5 15 3.141592653589793
RZZ 5 16 3.141592653589793
RZZ 5 17 3.141592653589793
RZZ 5 18 3.141592653589793
RZZ 5 19 3.141592653589793
RZZ 5 20 3.141592653589793
RZZ 5 21 3.141592653589793
RZZ 5 22 3.141592653589793
RZZ 5 23 3.141592653589793
RZZ 5 24 3.141592653589793
RZZ 5 25 3.141592653589793
RZZ 5 26 3.141592653589793
RZZ 5 27 3.141592653589793
RZZ 5 28 3.141592653589793
RZZ 5 29 3.141592653589793
RZZ 5 30 3.141592653589793
RZZ 5 31 3.141592653589793
RZZ 5 32 3.141592653589793
RZZ 6 7 3.141592653589793
RZZ 6 8 3.141592653589793
RZZ 6 9 3.141592653589793
RZZ 6 10 3.141592653589793
RZZ 6 11 3.141592653589793
RZZ 6 12 3.141592653589793
RZZ 6 13 3.141592653589793
RZZ 6 14 3.141592653589793
RZZ 6 15 3.141592653589793
RZZ 6 16 3.141592653589793
RZZ 6 17 3.141592653589793
RZZ 6 18 3.141592653589793
RZZ 6 19 3.141592653589793
RZZ 6 20 3.141592653589793
RZZ 6 21 3.141592653589793
RZZ 6 22 3.141592653589793
RZZ 6 23 3.141592653589793
RZZ 6 24 3.141592653589793
RZZ 6 25 3.141592653589793
RZZ 6 26 3.141592653589793
RZZ 6 27 3.141592653589793
RZZ 6 28 3.141592653589793
RZZ 6 29 3.141592653589793
RZZ 6 30 3.141592653589793
RZZ 6 31 3.141592653589793
RZZ 6 32 3.141592653589793
RZZ 7 8 3.141592653589793
RZZ 7 9 3.141592653589793
RZZ 7 10 3.141592653589793
RZZ 7 11 3.141592653589793
RZZ 7 12 3.141592653589793
RZZ 7 13 3.141592653589793
RZZ 7 14 3.141592653589793
RZZ 7 15 3.141592653589793
RZZ 7 16 3.141592653589793
RZZ 7 17 3.141592653589793
RZZ 7 18 3.141592653589793
RZZ 7 19 3.141592653589793
RZZ 7 20 3.141592653589793
RZZ 7 21 3.141592653589793
RZZ 7 22 3.141592653589793
RZZ 7 23 3.141592653589793
RZZ 7 24 3.141592653589793
RZZ 7 25 3.141592653589793
RZZ 7 26 3.141592653589793
RZZ 7 27 3.141592653589793
RZZ 7 28 3.141592653589793
RZZ 7 29 3.141592653589793
RZZ 7 30 3.141592653589793
RZZ 7 31 3.141592653589793
RZZ 7 32 3.141592653589793
RZZ 8 9 3.141592653589793
RZZ 8 10 3.141592653589793
RZZ 8 11 3.141592653589793
RZZ 8 12 3.141592653589793
RZZ 8 13 3.141592653589793
RZZ 8 14 3.141592653589793
RZZ 8 15 3.141592653589793
RZZ 8 16 3.141592653589793
RZZ 8 17 3.141592653589793
RZZ 8 18 3.141592653589793
RZZ 8 19 3.141592653589793
RZZ 8 20 3.141592653589793
RZZ 8 21 3.141592653589793
RZZ 8 22 3.141592653589793
RZZ 8 23 3.141592653589793
RZZ 8 24 3.141592653589793
RZZ 8 25 3.141592653589793
RZZ 8 26 3.141592653589793
RZZ 8 27 3.141592653589793
RZZ 8 28 3.141592653589793
RZZ 8 29 3.141592653589793
RZZ 8 30 3.141592653589793
RZZ 8 31 3.141592653589793
RZZ 8 32 3.141592653589793
RZZ 9 10 3.141592653589793
RZZ 9 11 3.141592653589793
RZZ 9 12 3.141592653589793
RZZ 9 13 3.141592653589793
RZZ 9 14 3.141592653589793
RZZ 9 15 3.141592653589793
RZZ 9 16 3.141592653589793
RZZ 9 17 3.141592653589793
RZZ 9 18 3.141592653589793
RZZ 9 19 3.141592653589793
RZZ 9 20 3.141592653589793
RZZ 9 21 3.141592653589793
RZZ 9 22 3.141592653589793
RZZ 9 23 3.141592653589793
RZZ 9 24 3.141592653589793
RZZ 9 25 3.141592653589793
RZZ 9 26 3.141592653589793
RZZ 9 27 3.141592653589793
RZZ 9 28 3.141592653589793
RZZ 9 29 3.141592653589793
RZZ 9 30 3.141592653589793
RZZ 9 31 3.141592653589793
RZZ 9 32 3.141592653589793
RZZ 10 11 3.141592653589793
RZZ 10 12 3.141592653589793
RZZ 10 13 3.141592653589793
RZZ 10 14 3.141592653589793
RZZ 10 15 3.141592653589793
RZZ 10 16 3.141592653589793
RZZ 10 17 3.141592653589793
RZZ 10 18 3.141592653589793
RZZ 10 19 3.141592653589793
RZZ 10 20 3.141592653589793
RZZ 10 21 3.141592653589793
RZZ 10 22 3.141592653589793
RZZ 10 23 3.141592653589793
RZZ 10 24 3.141592653589793
RZZ 10 25 3.141592653589793
RZZ 10 26 3.141592653589793
RZZ 10 27 3.141592653589793
RZZ 10 28 3.141592653589793
RZZ 10 29 3.141592653589793
RZZ 10 30 3.141592653589793
RZZ 10 31 3.141592653589793
RZZ 10 32 3.141592653589793
RZZ 11 12 3.141592653589793
RZZ 11 13 3.141592653589793
RZZ 11 14 3.141592653589793
RZZ 11 15 3.141592653589793
RZZ 11 16 3.141592653589793
RZZ 11 17 3.141592653589793
RZZ 11 18 3.141592653589793
RZZ 11 19 3.141592653589793
RZZ 11 20 3.141592653589793
RZZ 11 21 3.141592653589793
RZZ 11 22 3.141592653589793
RZZ 11 23 3.141592653589793
RZZ 11 24 3.141592653589793
RZZ 11 25 3.141592653589793
RZZ 11 26 3.141592653589793
RZZ 11 27 3.141592653589793
RZZ 11 28 3.141592653589793
RZZ 11 29 3.141592653589793
RZZ 11 30 3.141592653589793
RZZ 11 31 3.141592653589793
RZZ 11 32 3.141592653589793
RZZ 12 13 3.141592653589793
RZZ 12 14 3.141592653589793
RZZ 12 15 3.141592653589793
RZZ 12 16 3.141592653589793
RZZ 12 17 3.141592653589793
RZZ 12 18 3.141592653589793
RZZ 12 19 3.141592653589793
RZZ 12 20 3.141592653589793
RZZ 12 21 3.141592653589793
RZZ 12 22 3.141592653589793
RZZ 12 23 3.141592653589793
RZZ 12 24 3.141592653589793
RZZ 12 25 3.141592653589793
RZZ 12 26 3.141592653589793
RZZ 12 27 3.141592653589793
RZZ 12 28 3.141592653589793
RZZ 12 29 3.141592653589793
RZZ 12 30 3.141592653589793
RZZ 12 31 3.141592653589793
RZZ 12 32 3.141592653589793
RZZ 13 14 3.141592653589793
RZZ 13 15 3.141592653589793
RZZ 13 16 3.141592653589793
RZZ 13 17 3.141592653589793
RZZ 13 18 3.141592653589793
RZZ 13 19 3.141592653589793
RZZ 13 20 3.141592653589793
RZZ 13 21 3.141592653589793
RZZ 13 22 3.141592653589793
RZZ 13 23 3.141592653589793
RZZ 13 24 3.141592653589793
RZZ 13 25 3.141592653589793
RZZ 13 26 3.141592653589793
RZZ 13 27 3.141592653589793
RZZ 13 28 3.141592653589793
RZZ 13 29 3.141592653589793
RZZ 13 30 3.141592653589793
RZZ 13 31 3.141592653589793
RZZ 13 32 3.141592653589793
RZZ 14 15 3.141592653589793
RZZ 14 16 3.141592653589793
RZZ 14 17 3.141592653589793
RZZ 14 18 3.141592653589793
RZZ 14 19 3.141592653589793
RZZ 14 20 3.141592653589793
RZZ 14 21 3.141592653589793
RZZ 14 22 3.141592653589793
RZZ 14 23 3.141592653589793
RZZ 14 24 3.141592653589793
RZZ 14 25 3.141592653589793
RZZ 14 26 3.141592653589793
RZZ 14 27 3.141592653589793
RZZ 14 28 3.141592653589793
RZZ 14 29 3.141592653589793
RZZ 14 30 3.141592653589793
RZZ 14 31 3.141592653589793
RZZ 14 32 3.141592653589793
RZZ 15 16 3.141592653589793
RZZ 15 17 3.141592653589793
RZZ 15 18 3.141592653589793
RZZ 15 19 3.141592653589793
RZZ 15 20 3.141592653589793
RZZ 15 21 3.141592653589793
RZZ 15 22 3.141592653589793
RZZ 15 23 3.141592653589793
RZZ 15 24 3.141592653589793
RZZ 15 25 3.141592653589793
RZZ 15 26 3.141592653589793
RZZ 15 27 3.141592653589793
RZZ 15 28 3.141592653589793
RZZ 15 29 3.141592653589793
RZZ 15 30 3.141592653589793
RZZ 15 31 3.141592653589793
RZZ 15 32 3.141592653589793
RZZ 16 17 3.141592653589793
RZZ 16 18 3.141592653589793
RZZ 16 19 3.141592653589793
RZZ 16 20 3.141592653589793
RZZ 16 21 3.141592653589793
RZZ 16 22 3.141592653589793
RZZ 16 23 3.141592653589793
RZZ 16 24 3.141592653589793
RZZ 16 25 3.141592653589793
RZZ 16 26 3.141592653589793
RZZ 16 27 3.141592653589793
RZZ 16 28 3.141592653589793
RZZ 16 29 3.141592653589793
RZZ 16 30 3.141592653589793
RZZ 16 31 3.141592653589793
RZZ 16 32 3.141592653589793
RZZ 17 18 3.141592653589793
RZZ 17 19 3.141592653589793
RZZ 17 20 3.141592653589793
RZZ 17 21 3.141592653589793
RZZ 17 22 3.141592653589793
RZZ 17 23 3.141592653589793
RZZ 17 24 3.141592653589793
RZZ 17 25 3.141592653589793
RZZ 17 26 3.141592653589793
RZZ 17 27 3.141592653589793
RZZ 17 28 3.141592653589793
RZZ 17 29 3.141592653589793
RZZ 17 30 3.141592653589793
RZZ 17 31 3.141592653589793
RZZ 17 32 3.141592653589793
RZZ 18 19 3.141592653589793
RZZ 18 20 3.141592653589793
RZZ 18 21 3.141592653589793
RZZ 18 22 3.141592653589793
RZZ 18 23 3.141592653589793
RZZ 18 24 3.141592653589793
RZZ 18 25 3.141592653589793
RZZ 18 26 3.141592653589793
RZZ 18 27 3.141592653589793
RZZ 18 28 3.141592653589793
RZZ 18 29 3.141592653589793
RZZ 18 30 3.141592653589793
RZZ 18 31 3.141592653589793
RZZ 18 32 3.141592653589793
RZZ 19 20 3.141592653589793
RZZ 19 21 3.141592653589793
RZZ 19 22 3.141592653589793
RZZ 19 23 3.141592653589793
RZZ 19 24 3.141592653589793
RZZ 19 25 3.141592653589793
RZZ 19 26 3.141592653589793
RZZ 19 27 3.141592653589793
RZZ 19 28 3.141592653589793
RZZ 19 29 3.141592653589793
RZZ 19 30 3.141592653589793
RZZ 19 31 3.141592653589793
RZZ 19 32 3.141592653589793
RZZ 20 21 3.141592653589793
RZZ 20 22 3.141592653589793
RZZ 20 23 3.141592653589793
RZZ 20 24 3.141592653589793
RZZ 20 25 3.141592653589793
RZZ 20 26 3.141592653589793
RZZ 20 27 3.141592653589793
RZZ 20 28 3.141592653589793
RZZ 20 29 3.141592653589793
RZZ 20 30 3.141592653589793
RZZ 20 31 3.141592653589793
RZZ 20 32 3.141592653589793
RZZ 21 22 3.141592653589793
RZZ 21 23 3.141592653589793
RZZ 21 24 3.141592653589793
RZZ 21 25 3.141592653589793
RZZ 21 26 3.141592653589793
RZZ 21 27 3.141592653589793
RZZ 21 28 3.141592653589793
RZZ 21 29 3.141592653589793
RZZ 21 30 3.141592653589793
RZZ 21 31 3.141592653589793
RZZ 21 32 3.141592653589793
RZZ 22 23 3.141592653589793
RZZ 22 24 3.141592653589793
RZZ 22 25 3.141592653589793
RZZ 22 26 3.141592653589793
RZZ 22 27 3.141592653589793
RZZ 22 28 3.141592653589793
RZZ 22 29 3.141592653589793
RZZ 22 30 3.141592653589793
RZZ 22 31 3.141592653589793
RZZ 22 32 3.141592653589793
RZZ 23 24 3.141592653589793
RZZ 23 25 3.141592653589793
RZZ 23 26 3.141592653589793
RZZ 23 27 3.141592653589793
RZZ 23 28 3.141592653589793
RZZ 23 29 3.141592653589793
RZZ 23 30 3.141592653589793
RZZ 23 31 3.141592653589793
RZZ 23 32 3.141592653589793
RZZ 24 25 3.141592653589793
RZZ 24 26 3.141592653589793
RZZ 24 27 3.141592653589793
RZZ 24 28 3.141592653589793
RZZ 24 29 3.141592653589793
RZZ 24 30 3.141592653589793
RZZ 24 31 3.141592653589793
RZZ 24 32 3.141592653589793
RZZ 25 26 3.141592653589793
RZZ 25 27 3.141592653589793
RZZ 25 28 3.141592653589793
RZZ 25 29 3.141592653589793
RZZ 25 30 3.141592653589793
RZZ 25 31 3.141592653589793
RZZ 25 32 3.141592653589793
RZZ 26 27 3.141592653589793
RZZ 26 28 3.141592653589793
RZZ 26 29 3.141592653589793
RZZ 26 30 3.141592653589793
RZZ 26 31 3.141592653589793
RZZ 26 32 3.141592653589793
RZZ 27 28 3.141592653589793
RZZ 27 29 3.141592653589793
RZZ 27 30 3.141592653589793
RZZ 27 31 3.141592653589793
RZZ 27 32 3.141592653589793
RZZ 28 29 3.141592653589793
RZZ 28 30 3.141592653589793
RZZ 28 31 3.141592653589793
RZZ 28 32 3.141592653589793
RZZ 29 30 3.141592653589793
RZZ 29 31 3.141592653589793
RZZ 29 32 3.141592653589793
RZZ 30 31 3.141592653589793
RZZ 30 32 3.141592653589793
RZZ 31 32 3.141592653589793
RX 0 3.141592653589793
RX 1 3.141592653589793
RX 2 3.141592653589793
RX 3 3.141592653589793
RX 4 3.141592653589793
RX 5 3.141592653589793
RX 6 3.141592653589793
RX 7 3.141592653589793
RX 8 3.141592653589793
RX 9 3.141592653589793
RX 10 3.141592653589793
RX 11 3.141592653589793
RX 12 3.141592653589793
RX 13 3.141592653589793
RX 14 3.141592653589793
RX 15 3.141592653589793
RX 16 3.141592653589793
RX 17 3.141592653589793
RX 18 3.141592653589793
RX 19 3.141592653589793
RX 20 3.141592653589793
RX 21 3.141592653589793
RX 22 3.141592653589793
RX 23 3.141592653589793
RX 24 3.141592653589793
RX 25 3.141592653589793
RX 26 3.141592653589793
RX 27 3.141592653589793
RX 28 3.141592653589793
RX 29 3.141592653589793
RX 30 3.141592653589793
RX 31 3.141592653589793
RX 32 3.141592653589793
RZZ 0 1 3.141592653589793
RZZ 0 2 3.141592653589793
RZZ 0 3 3.141592653589793
RZZ 0 4 3.141592653589793
RZZ 0 5 3.141592653589793
RZZ 0 6 3.141592653589793
RZZ 0 7 3.141592653589793
RZZ 0 8 3.141592653589793
RZZ 0 9 3.141592653589793
RZZ 0 10 3.141592653589793
RZZ 0 11 3.141592653589793
RZZ 0 12 3.141592653589793
RZZ 0 13 3.141592653589793
RZZ 0 14 3.141592653589793
RZZ 0 15 3.141592653589793
RZZ 0 16 3.141592653589793
RZZ 0 17 3.141592653589793
RZZ 0 18 3.141592653589793
RZZ 0 19 3.141592653589793
RZZ 0 20 3.141592653589793
RZZ 0 21 3.141592653589793
RZZ 0 22 3.141592653589793
RZZ 0 23 3.141592653589793
RZZ 0 24 3.141592653589793
RZZ 0 25 3.141592653589793
RZZ 0 26 3.141592653589793
RZZ 0 27 3.141592653589793
RZZ 0 28 3.141592653589793
RZZ 0 29 3.141592653589793
RZZ 0 30 3.141592653589793
RZZ 0 31 3.141592653589793
RZZ 0 32 3.141592653589793
RZZ 1 2 3.141592653589793
RZZ 1 3 3.141592653589793
RZZ 1 4 3.141592653589793
RZZ 1 5 3.141592653589793
RZZ 1 6 3.141592653589793
RZZ 1 7 3.141592653589793
RZZ 1 8 3.141592653589793
RZZ 1 9 3.141592653589793
RZZ 1 10 3.141592653589793
RZZ 1 11 3.141592653589793
RZZ 1 12 3.141592653589793
RZZ 1 13 3.141592653589793
RZZ 1 14 3.141592653589793
RZZ 1 15 3.141592653589793
RZZ 1 16 3.141592653589793
RZZ 1 17 3.141592653589793
RZZ 1 18 3.141592653589793
RZZ 1 19 3.141592653589793
RZZ 1 20 3.141592653589793
RZZ 1 21 3.141592653589793
RZZ 1 22 3.141592653589793
RZZ 1 23 3.141592653589793
RZZ 1 24 3.141592653589793
RZZ 1 25 3.141592653589793
RZZ 1 26 3.141592653589793
RZZ 1 27 3.141592653589793
RZZ 1 28 3.141592653589793
RZZ 1 29 3.141592653589793
RZZ 1 30 3.141592653589793
RZZ 1 31 3.141592653589793
RZZ 1 32 3.141592653589793
RZZ 2 3 3.141592653589793
RZZ 2 4 3.141592653589793
RZZ 2 5 3.141592653589793
RZZ 2 6 3.141592653589793
RZZ 2 7 3.141592653589793
RZZ 2 8 3.141592653589793
RZZ 2 9 3.141592653589793
RZZ 2 10 3.141592653589793
RZZ 2 11 3.141592653589793
RZZ 2 12 3.141592653589793
RZZ 2 13 3.141592653589793
RZZ 2 14 3.141592653589793
RZZ 2 15 3.141592653589793
RZZ 2 16 3.141592653589793
RZZ 2 17 3.141592653589793
RZZ 2 18 3.141592653589793
RZZ 2 19 3.141592653589793
RZZ 2 20 3.141592653589793
RZZ 2 21 3.141592653589793
RZZ 2 22 3.141592653589793
RZZ 2 23 3.141592653589793
RZZ 2 24 3.141592653589793
RZZ 2 25 3.141592653589793
RZZ 2 26 3.141592653589793
RZZ 2 27 3.141592653589793
RZZ 2 28 3.141592653589793
RZZ 2 29 3.141592653589793
RZZ 2 30 3.141592653589793
RZZ 2 31 3.141592653589793
RZZ 2 32 3.141592653589793
RZZ 3 4 3.141592653589793
RZZ 3 5 3.141592653589793
RZZ 3 6 3.141592653589793
RZZ 3 7 3.141592653589793
RZZ 3 8 3.141592653589793
RZZ 3 9 3.141592653589793
RZZ 3 10 3.141592653589793
RZZ 3 11 3.141592653589793
RZZ 3 12 3.141592653589793
RZZ 3 13 3.141592653589793
RZZ 3 14 3.141592653589793
RZZ 3 15 3.141592653589793
RZZ 3 16 3.141592653589793
RZZ 3 17 3.141592653589793
RZZ 3 18 3.141592653589793
RZZ 3 19 3.141592653589793
RZZ 3 20 3.141592653589793
RZZ 3 21 3.141592653589793
RZZ 3 22 3.141592653589793
RZZ 3 23 3.141592653589793
RZZ 3 24 3.141592653589793
RZZ 3 25 3.141592653589793
RZZ 3 26 3.141592653589793
RZZ 3 27 3.141592653589793
RZZ 3 28 3.141592653589793
RZZ 3 29 3.141592653589793
RZZ 3 30 3.141592653589793
RZZ 3 31 3.141592653589793
RZZ 3 32 3.141592653589793
RZZ 4 5 3.141592653589793
RZZ 4 6 3.141592653589793
RZZ 4 7 3.141592653589793
RZZ 4 8 3.141592653589793
RZZ 4 9 3.141592653589793
RZZ 4 10 3.141592653589793
RZZ 4 11 3.141592653589793
RZZ 4 12 3.141592653589793
RZZ 4 13 3.141592653589793
RZZ 4 14 3.141592653589793
RZZ 4 15 3.141592653589793
RZZ 4 16 3.141592653589793
RZZ 4 17 3.141592653589793
RZZ 4 18 3.141592653589793
RZZ 4 19 3.141592653589793
RZZ 4 20 3.141592653589793
RZZ 4 21 3.141592653589793
RZZ 4 22 3.141592653589793
RZZ 4 23 3.141592653589793
RZZ 4 24 3.141592653589793
RZZ 4 25 3.141592653589793
RZZ 4 26 3.141592653589793
RZZ 4 27 3.141592653589793
RZZ 4 28 3.141592653589793
RZZ 4 29 3.141592653589793
RZZ 4 30 3.141592653589793
RZZ 4 31 3.141592653589793
RZZ 4 32 3.141592653589793
RZZ 5 6 3.141592653589793
RZZ 5 7 3.141592653589793
RZZ 5 8 3.141592653589793
RZZ 5 9 3.141592653589793
RZZ 5 10 3.141592653589793
RZZ 5 11 3.141592653589793
RZZ 5 12 3.141592653589793
RZZ 5 13 3.141592653589793
RZZ 5 14 3.141592653589793
RZZ 5 15 3.141592653589793
RZZ 5 16 3.141592653589793
RZZ 5 17 3.141592653589793
RZZ 5 18 3.141592653589793
RZZ 5 19 3.141592653589793
RZZ 5 20 3.141592653589793
RZZ 5 21 3.141592653589793
RZZ 5 22 3.141592653589793
RZZ 5 23 3.141592653589793
RZZ 5 24 3.141592653589793
RZZ 5 25 3.141592653589793
RZZ 5 26 3.141592653589793
RZZ 5 27 3.141592653589793
RZZ 5 28 3.141592653589793
RZZ 5 29 3.141592653589793
RZZ 5 30 3.141592653589793
RZZ 5 31 3.141592653589793
RZZ 5 32 3.141592653589793
RZZ 6 7 3.141592653589793
RZZ 6 8 3.141592653589793
RZZ 6 9 3.141592653589793
RZZ 6 10 3.141592653589793
RZZ 6 11 3.141592653589793
RZZ 6 12 3.141592653589793
RZZ 6 13 3.141592653589793
RZZ 6 14 3.141592653589793
RZZ 6 15 3.141592653589793
RZZ 6 16 3.141592653589793
RZZ 6 17 3.141592653589793
RZZ 6 18 3.141592653589793
RZZ 6 19 3.141592653589793
RZZ 6 20 3.141592653589793
RZZ 6 21 3.141592653589793
RZZ 6 22 3.141592653589793
RZZ 6 23 3.141592653589793
RZZ 6 24 3.141592653589793
RZZ 6 25 3.141592653589793
RZZ 6 26 3.141592653589793
RZZ 6 27 3.141592653589793
RZZ 6 28 3.141592653589793
RZZ 6 29 3.141592653589793
RZZ 6 30 3.141592653589793
RZZ 6 31 3.141592653589793
RZZ 6 32 3.141592653589793
RZZ 7 8 3.141592653589793
RZZ 7 9 3.141592653589793
RZZ 7 10 3.141592653589793
RZZ 7 11 3.141592653589793
RZZ 7 12 3.141592653589793
RZZ 7 13 3.141592653589793
RZZ 7 14 3.141592653589793
RZZ 7 15 3.141592653589793
RZZ 7 16 3.141592653589793
RZZ 7 17 3.141592653589793
RZZ 7 18 3.141592653589793
RZZ 7 19 3.141592653589793
RZZ 7 20 3.141592653589793
RZZ 7 21 3.141592653589793
RZZ 7 22 3.141592653589793
RZZ 7 23 3.141592653589793
RZZ 7 24 3.141592653589793
RZZ 7 25 3.141592653589793
RZZ 7 26 3.141592653589793
RZZ 7 27 3.141592653589793
RZZ 7 28 3.141592653589793
RZZ 7 29 3.141592653589793
RZZ 7 30 3.141592653589793
RZZ 7 31 3.141592653589793
RZZ 7 32 3.141592653589793
RZZ 8 9 3.141592653589793
RZZ 8 10 3.141592653589793
RZZ 8 11 3.141592653589793
RZZ 8 12 3.141592653589793
RZZ 8 13 3.141592653589793
RZZ 8 14 3.141592653589793
RZZ 8 15 3.141592653589793
RZZ 8 16 3.141592653589793
RZZ 8 17 3.141592653589793
RZZ 8 18 3.141592653589793
RZZ 8 19 3.141592653589793
RZZ 8 20 3.141592653589793
RZZ 8 21 3.141592653589793
RZZ 8 22 3.141592653589793
RZZ 8 23 3.141592653589793
RZZ 8 24 3.141592653589793
RZZ 8 25 3.141592653589793
RZZ 8 26 3.141592653589793
RZZ 8 27 3.141592653589793
RZZ 8 28 3.141592653589793
RZZ 8 29 3.141592653589793
RZZ 8 30 3.141592653589793
RZZ 8 31 3.141592653589793
RZZ 8 32 3.141592653589793
RZZ 9 10 3.141592653589793
RZZ 9 11 3.141592653589793
RZZ 9 12 3.141592653589793
RZZ 9 13 3.141592653589793
RZZ 9 14 3.141592653589793
RZZ 9 15 3.141592653589793
RZZ 9 16 3.141592653589793
RZZ 9 17 3.141592653589793
RZZ 9 18 3.141592653589793
RZZ 9 19 3.141592653589793
RZZ 9 20 3.141592653589793
RZZ 9 21 3.141592653589793
RZZ 9 22 3.141592653589793
RZZ 9 23 3.141592653589793
RZZ 9 24 3.141592653589793
RZZ 9 25 3.141592653589793
RZZ 9 26 3.141592653589793
RZZ 9 27 3.141592653589793
RZZ 9 28 3.141592653589793
RZZ 9 29 3.141592653589793
RZZ 9 30 3.141592653589793
RZZ 9 31 3.141592653589793
RZZ 9 32 3.141592653589793
RZZ 10 11 3.141592653589793
RZZ 10 12 3.141592653589793
RZZ 10 13 3.141592653589793
RZZ 10 14 3.141592653589793
RZZ 10 15 3.141592653589793
RZZ 10 16 3.141592653589793
RZZ 10 17 3.141592653589793
RZZ 10 18 3.141592653589793
RZZ 10 19 3.141592653589793
RZZ 10 20 3.141592653589793
RZZ 10 21 3.141592653589793
RZZ 10 22 3.141592653589793
RZZ 10 23 3.141592653589793
RZZ 10 24 3.141592653589793
RZZ 10 25 3.141592653589793
RZZ 10 26 3.141592653589793
RZZ 10 27 3.141592653589793
RZZ 10 28 3.141592653589793
RZZ 10 29 3.141592653589793
RZZ 10 30 3.141592653589793
RZZ 10 31 3.141592653589793
RZZ 10 32 3.141592653589793
RZZ 11 12 3.141592653589793
RZZ 11 13 3.141592653589793
RZZ 11 14 3.141592653589793
RZZ 11 15 3.141592653589793
RZZ 11 16 3.141592653589793
RZZ 11 17 3.141592653589793
RZZ 11 18 3.141592653589793
RZZ 11 19 3.141592653589793
RZZ 11 20 3.141592653589793
RZZ 11 21 3.141592653589793
RZZ 11 22 3.141592653589793
RZZ 11 23 3.141592653589793
RZZ 11 24 3.141592653589793
RZZ 11 25 3.141592653589793
RZZ 11 26 3.141592653589793
RZZ 11 27 3.141592653589793
RZZ 11 28 3.141592653589793
RZZ 11 29 3.141592653589793
RZZ 11 30 3.141592653589793
RZZ 11 31 3.141592653589793
RZZ 11 32 3.141592653589793
RZZ 12 13 3.141592653589793
RZZ 12 14 3.141592653589793
RZZ 12 15 3.141592653589793
RZZ 12 16 3.141592653589793
RZZ 12 17 3.141592653589793
RZZ 12 18 3.141592653589793
RZZ 12 19 3.141592653589793
RZZ 12 20 3.141592653589793
RZZ 12 21 3.141592653589793
RZZ 12 22 3.141592653589793
RZZ 12 23 3.141592653589793
RZZ 12 24 3.141592653589793
RZZ 12 25 3.141592653589793
RZZ 12 26 3.141592653589793
RZZ 12 27 3.141592653589793
RZZ 12 28 3.141592653589793
RZZ 12 29 3.141592653589793
RZZ 12 30 3.141592653589793
RZZ 12 31 3.141592653589793
RZZ 12 32 3.141592653589793
RZZ 13 14 3.141592653589793
RZZ 13 15 3.141592653589793
RZZ 13 16 3.141592653589793
RZZ 13 17 3.141592653589793
RZZ 13 18 3.141592653589793
RZZ 13 19 3.141592653589793
RZZ 13 20 3.141592653589793
RZZ 13 21 3.141592653589793
RZZ 13 22 3.141592653589793
RZZ 13 23 3.141592653589793
RZZ 13 24 3.141592653589793
RZZ 13 25 3.141592653589793
RZZ 13 26 3.141592653589793
RZZ 13 27 3.141592653589793
RZZ 13 28 3.141592653589793
RZZ 13 29 3.141592653589793
RZZ 13 30 3.141592653589793
RZZ 13 31 3.141592653589793
RZZ 13 32 3.141592653589793
RZZ 14 15 3.141592653589793
RZZ 14 16 3.141592653589793
RZZ 14 17 3.141592653589793
RZZ 14 18 3.141592653589793
RZZ 14 19 3.141592653589793
RZZ 14 20 3.141592653589793
RZZ 14 21 3.141592653589793
RZZ 14 22 3.141592653589793
RZZ 14 23 3.141592653589793
RZZ 14 24 3.141592653589793
RZZ 14 25 3.141592653589793
RZZ 14 26 3.141592653589793
RZZ 14 27 3.141592653589793
RZZ 14 28 3.141592653589793
RZZ 14 29 3.141592653589793
RZZ 14 30 3.141592653589793
RZZ 14 31 3.141592653589793
RZZ 14 32 3.141592653589793
RZZ 15 16 3.141592653589793
RZZ 15 17 3.141592653589793
RZZ 15 18 3.141592653589793
RZZ 15 19 3.141592653589793
RZZ 15 20 3.141592653589793
RZZ 15 21 3.141592653589793
RZZ 15 22 3.141592653589793
RZZ 15 23 3.141592653589793
RZZ 15 24 3.141592653589793
RZZ 15 25 3.141592653589793
RZZ 15 26 3.141592653589793
RZZ 15 27 3.141592653589793
RZZ 15 28 3.141592653589793
RZZ 15 29 3.141592653589793
RZZ 15 30 3.141592653589793
RZZ 15 31 3.141592653589793
RZZ 15 32 3.141592653589793
RZZ 16 17 3.141592653589793
RZZ 16 18 3.141592653589793
RZZ 16 19 3.141592653589793
RZZ 16 20 3.141592653589793
RZZ 16 21 3.141592653589793
RZZ 16 22 3.141592653589793
RZZ 16 23 3.141592653589793
RZZ 16 24 3.141592653589793
RZZ 16 25 3.141592653589793
RZZ 16 26 3.141592653589793
RZZ 16 27 3.141592653589793
RZZ 16 28 3.141592653589793
RZZ 16 29 3.141592653589793
RZZ 16 30 3.141592653589793
RZZ 16 31 3.141592653589793
RZZ 16 32 3.141592653589793
RZZ 17 18 3.141592653589793
RZZ 17 19 3.141592653589793
RZZ 17 20 3.141592653589793
RZZ 17 21 3.141592653589793
RZZ 17 22 3.141592653589793
RZZ 17 23 3.141592653589793
RZZ 17 24 3.141592653589793
RZZ 17 25 3.141592653589793
RZZ 17 26 3.141592653589793
RZZ 17 27 3.141592653589793
RZZ 17 28 3.141592653589793
RZZ 17 29 3.141592653589793
RZZ 17 30 3.141592653589793
RZZ 17 31 3.141592653589793
RZZ 17 32 3.141592653589793
RZZ 18 19 3.141592653589793
RZZ 18 20 3.141592653589793
RZZ 18 21 3.141592653589793
RZZ 18 22 3.141592653589793
RZZ 18 23 3.141592653589793
RZZ 18 24 3.141592653589793
RZZ 18 25 3.141592653589793
RZZ 18 26 3.141592653589793
RZZ 18 27 3.141592653589793
RZZ 18 28 3.141592653589793
RZZ 18 29 3.141592653589793
RZZ 18 30 3.141592653589793
RZZ 18 31 3.141592653589793
RZZ 18 32 3.141592653589793
RZZ 19 20 3.141592653589793
RZZ 19 21 3.141592653589793
RZZ 19 22 3.141592653589793
RZZ 19 23 3.141592653589793
RZZ 19 24 3.141592653589793
RZZ 19 25 3.141592653589793
RZZ 19 26 3.141592653589793
RZZ 19 27 3.141592653589793
RZZ 19 28 3.141592653589793
RZZ 19 29 3.141592653589793
RZZ 19 30 3.141592653589793
RZZ 19 31 3.141592653589793
RZZ 19 32 3.141592653589793
RZZ 20 21 3.141592653589793
RZZ 20 22 3.141592653589793
RZZ 20 23 3.141592653589793
RZZ 20 24 3.141592653589793
RZZ 20 25 3.141592653589793
RZZ 20 26 3.141592653589793
RZZ 20 27 3.141592653589793
RZZ 20 28 3.141592653589793
RZZ 20 29 3.141592653589793
RZZ 20 30 3.141592653589793
RZZ 20 31 3.141592653589793
RZZ 20 32 3.141592653589793
RZZ 21 22 3.141592653589793
RZZ 21 23 3.141592653589793
RZZ 21 24 3.141592653589793
RZZ 21 25 3.141592653589793
RZZ 21 26 3.141592653589793
RZZ 21 27 3.141592653589793
RZZ 21 28 3.141592653589793
RZZ 21 29 3.141592653589793
RZZ 21 30 3.141592653589793
RZZ 21 31 3.141592653589793
RZZ 21 32 3.141592653589793
RZZ 22 23 3.141592653589793
RZZ 22 24 3.141592653589793
RZZ 22 25 3.141592653589793
RZZ 22 26 3.141592653589793
RZZ 22 27 3.141592653589793
RZZ 22 28 3.141592653589793
RZZ 22 29 3.141592653589793
RZZ 22 30 3.141592653589793
RZZ 22 31 3.141592653589793
RZZ 22 32 3.141592653589793
RZZ 23 24 3.141592653589793
RZZ 23 25 3.141592653589793
RZZ 23 26 3.141592653589793
RZZ 23 27 3.141592653589793
RZZ 23 28 3.141592653589793
RZZ 23 29 3.141592653589793
RZZ 23 30 3.141592653589793
RZZ 23 31 3.141592653589793
RZZ 23 32 3.141592653589793
RZZ 24 25 3.141592653589793
RZZ 24 26 3.141592653589793
RZZ 24 27 3.141592653589793
RZZ 24 28 3.141592653589793
RZZ 24 29 3.141592653589793
RZZ 24 30 3.141592653589793
RZZ 24 31 3.141592653589793
RZZ 24 32 3.141592653589793
RZZ 25 26 3.141592653589793
RZZ 25 27 3.141592653589793
RZZ 25 28 3.141592653589793
RZZ 25 29 3.141592653589793
RZZ 25 30 3.141592653589793
RZZ 25 31 3.141592653589793
RZZ 25 32 3.141592653589793
RZZ 26 27 3.141592653589793
RZZ 26 28 3.141592653589793
RZZ 26 29 3.141592653589793
RZZ 26 30 3.141592653589793
RZZ 26 31 3.141592653589793
RZZ 26 32 3.141592653589793
RZZ 27 28 3.141592653589793
RZZ 27 29 3.141592653589793
RZZ 27 30 3.141592653589793
RZZ 27 31 3.141592653589793
RZZ 27 32 3.141592653589793
RZZ 28 29 3.141592653589793
RZZ 28 30 3.141592653589793
RZZ 28 31 3.141592653589793
RZZ 28 32 3.141592653589793
RZZ 29 30 3.141592653589793
RZZ 29 31 3.141592653589793
RZZ 29 32 3.141592653589793
RZZ 30 31 3.141592653589793
RZZ 30 32 3.141592653589793
RZZ 31 32 3.141592653589793
RX 0 3.141592653589793
RX 1 3.141592653589793
RX 2 3.141592653589793
RX 3 3.141592653589793
RX 4 3.141592653589793
RX 5 3.141592653589793
RX 6 3.141592653589793
RX 7 3.141592653589793
RX 8 3.141592653589793
RX 9 3.141592653589793
RX 10 3.141592653589793
RX 11 3.141592653589793
RX 12 3.141592653589793
RX 13 3.141592653589793
RX 14 3.141592653589793
RX 15 3.141592653589793
RX 16 3.141592653589793
RX 17 3.141592653589793
RX 18 3.141592653589793
RX 19 3.141592653589793
RX 20 3.141592653589793
RX 21 3.141592653589793
RX 22 3.141592653589793
RX 23 3.141592653589793
RX 24 3.141592653589793
RX 25 3.141592653589793
RX 26 3.141592653589793
RX 27 3.141592653589793
RX 28 3.141592653589793
RX 29 3.141592653589793
RX 30 3.141592653589793
RX 31 3.141592653589793
RX 32 3.141592653589793
