H 0
CP  0 1 1.5707963267948966
CP  0 2 0.7853981633974483
CP  0 3 0.39269908169872414
CP  0 4 0.19634954084936207
CP  0 5 0.09817477042468103
CP  0 6 0.04908738521234052
CP  0 7 0.02454369260617026
CP  0 8 0.01227184630308513
CP  0 9 0.006135923151542565
CP  0 10 0.0030679615757712823
CP  0 11 0.0015339807878856412
CP  0 12 0.0007669903939428206
CP  0 13 0.0003834951969714103
CP  0 14 0.00019174759848570515
CP  0 15 9.587379924285257e-05
CP  0 16 4.7936899621426287e-05
CP  0 17 2.3968449810713143e-05
CP  0 18 1.1984224905356572e-05
CP  0 19 5.992112452678286e-06
CP  0 20 2.996056226339143e-06
CP  0 21 1.4980281131695715e-06
CP  0 22 7.490140565847857e-07
CP  0 23 3.7450702829239286e-07
CP  0 24 1.8725351414619643e-07
CP  0 25 9.362675707309822e-08
CP  0 26 4.681337853654911e-08
CP  0 27 2.3406689268274554e-08
CP  0 28 1.1703344634137277e-08
CP  0 29 5.8516723170686385e-09
CP  0 30 2.9258361585343192e-09
CP  0 31 1.4629180792671596e-09
CP  0 32 7.314590396335798e-10
H 1
CP  1 2 1.5707963267948966
CP  1 3 0.7853981633974483
CP  1 4 0.39269908169872414
CP  1 5 0.19634954084936207
CP  1 6 0.09817477042468103
CP  1 7 0.04908738521234052
CP  1 8 0.02454369260617026
CP  1 9 0.01227184630308513
CP  1 10 0.006135923151542565
CP  1 11 0.0030679615757712823
CP  1 12 0.0015339807878856412
CP  1 13 0.0007669903939428206
CP  1 14 0.0003834951969714103
CP  1 15 0.00019174759848570515
CP  1 16 9.587379924285257e-05
CP  1 17 4.7936899621426287e-05
CP  1 18 2.3968449810713143e-05
CP  1 19 1.1984224905356572e-05
CP  1 20 5.992112452678286e-06
CP  1 21 2.996056226339143e-06
CP  1 22 1.4980281131695715e-06
CP  1 23 7.490140565847857e-07
CP  1 24 3.7450702829239286e-07
CP  1 25 1.8725351414619643e-07
CP  1 26 9.362675707309822e-08
CP  1 27 4.681337853654911e-08
CP  1 28 2.3406689268274554e-08
CP  1 29 1.1703344634137277e-08
CP  1 30 5.8516723170686385e-09
CP  1 31 2.9258361585343192e-09
CP  1 32 1.4629180792671596e-09
H 2
CP  2 3 1.5707963267948966
CP  2 4 0.7853981633974483
CP  2 5 0.39269908169872414
CP  2 6 0.19634954084936207
CP  2 7 0.09817477042468103
CP  2 8 0.04908738521234052
CP  2 9 0.02454369260617026
CP  2 10 0.01227184630308513
CP  2 11 0.006135923151542565
CP  2 12 0.0030679615757712823
CP  2 13 0.0015339807878856412
CP  2 14 0.0007669903939428206
CP  2 15 0.0003834951969714103
CP  2 16 0.00019174759848570515
CP  2 17 9.587379924285257e-05
CP  2 18 4.7936899621426287e-05
CP  2 19 2.3968449810713143e-05
CP  2 20 1.1984224905356572e-05
CP  2 21 5.992112452678286e-06
CP  2 22 2.996056226339143e-06
CP  2 23 1.4980281131695715e-06
CP  2 24 7.490140565847857e-07
CP  2 25 3.7450702829239286e-07
CP  2 26 1.8725351414619643e-07
CP  2 27 9.362675707309822e-08
CP  2 28 4.681337853654911e-08
CP  2 29 2.3406689268274554e-08
CP  2 30 1.1703344634137277e-08
CP  2 31 5.8516723170686385e-09
CP  2 32 2.9258361585343192e-09
H 3
CP  3 4 1.5707963267948966
CP  3 5 0.7853981633974483
CP  3 6 0.39269908169872414
CP  3 7 0.19634954084936207
CP  3 8 0.09817477042468103
CP  3 9 0.04908738521234052
CP  3 10 0.02454369260617026
CP  3 11 0.01227184630308513
CP  3 12 0.006135923151542565
CP  3 13 0.0030679615757712823
CP  3 14 0.0015339807878856412
CP  3 15 0.0007669903939428206
CP  3 16 0.0003834951969714103
CP  3 17 0.00019174759848570515
CP  3 18 9.587379924285257e-05
CP  3 19 4.7936899621426287e-05
CP  3 20 2.3968449810713143e-05
CP  3 21 1.1984224905356572e-05
CP  3 22 5.992112452678286e-06
CP  3 23 2.996056226339143e-06
CP  3 24 1.4980281131695715e-06
CP  3 25 7.490140565847857e-07
CP  3 26 3.7450702829239286e-07
CP  3 27 1.8725351414619643e-07
CP  3 28 9.362675707309822e-08
CP  3 29 4.681337853654911e-08
CP  3 30 2.3406689268274554e-08
CP  3 31 1.1703344634137277e-08
CP  3 32 5.8516723170686385e-09
H 4
CP  4 5 1.5707963267948966
CP  4 6 0.7853981633974483
CP  4 7 0.39269908169872414
CP  4 8 0.19634954084936207
CP  4 9 0.09817477042468103
CP  4 10 0.04908738521234052
CP  4 11 0.02454369260617026
CP  4 12 0.01227184630308513
CP  4 13 0.006135923151542565
CP  4 14 0.0030679615757712823
CP  4 15 0.0015339807878856412
CP  4 16 0.0007669903939428206
CP  4 17 0.0003834951969714103
CP  4 18 0.00019174759848570515
CP  4 19 9.587379924285257e-05
CP  4 20 4.7936899621426287e-05
CP  4 21 2.3968449810713143e-05
CP  4 22 1.1984224905356572e-05
CP  4 23 5.992112452678286e-06
CP  4 24 2.996056226339143e-06
CP  4 25 1.4980281131695715e-06
CP  4 26 7.490140565847857e-07
CP  4 27 3.7450702829239286e-07
CP  4 28 1.8725351414619643e-07
CP  4 29 9.362675707309822e-08
CP  4 30 4.681337853654911e-08
CP  4 31 2.3406689268274554e-08
CP  4 32 1.1703344634137277e-08
H 5
CP  5 6 1.5707963267948966
CP  5 7 0.7853981633974483
CP  5 8 0.39269908169872414
CP  5 9 0.19634954084936207
CP  5 10 0.09817477042468103
CP  5 11 0.04908738521234052
CP  5 12 0.02454369260617026
CP  5 13 0.01227184630308513
CP  5 14 0.006135923151542565
CP  5 15 0.0030679615757712823
CP  5 16 0.0015339807878856412
CP  5 17 0.0007669903939428206
CP  5 18 0.0003834951969714103
CP  5 19 0.00019174759848570515
CP  5 20 9.587379924285257e-05
CP  5 21 4.7936899621426287e-05
CP  5 22 2.3968449810713143e-05
CP  5 23 1.1984224905356572e-05
CP  5 24 5.992112452678286e-06
CP  5 25 2.996056226339143e-06
CP  5 26 1.4980281131695715e-06
CP  5 27 7.490140565847857e-07
CP  5 28 3.7450702829239286e-07
CP  5 29 1.8725351414619643e-07
CP  5 30 9.362675707309822e-08
CP  5 31 4.681337853654911e-08
CP  5 32 2.3406689268274554e-08
H 6
CP  6 7 1.5707963267948966
CP  6 8 0.7853981633974483
CP  6 9 0.39269908169872414
CP  6 10 0.19634954084936207
CP  6 11 0.09817477042468103
CP  6 12 0.04908738521234052
CP  6 13 0.02454369260617026
CP  6 14 0.01227184630308513
CP  6 15 0.006135923151542565
CP  6 16 0.0030679615757712823
CP  6 17 0.0015339807878856412
CP  6 18 0.0007669903939428206
CP  6 19 0.0003834951969714103
CP  6 20 0.00019174759848570515
CP  6 21 9.587379924285257e-05
CP  6 22 4.7936899621426287e-05
CP  6 23 2.3968449810713143e-05
CP  6 24 1.1984224905356572e-05
CP  6 25 5.992112452678286e-06
CP  6 26 2.996056226339143e-06
CP  6 27 1.4980281131695715e-06
CP  6 28 7.490140565847857e-07
CP  6 29 3.7450702829239286e-07
CP  6 30 1.8725351414619643e-07
CP  6 31 9.362675707309822e-08
CP  6 32 4.681337853654911e-08
H 7
CP  7 8 1.5707963267948966
CP  7 9 0.7853981633974483
CP  7 10 0.39269908169872414
CP  7 11 0.19634954084936207
CP  7 12 0.09817477042468103
CP  7 13 0.04908738521234052
CP  7 14 0.02454369260617026
CP  7 15 0.01227184630308513
CP  7 16 0.006135923151542565
CP  7 17 0.0030679615757712823
CP  7 18 0.0015339807878856412
CP  7 19 0.0007669903939428206
CP  7 20 0.0003834951969714103
CP  7 21 0.00019174759848570515
CP  7 22 9.587379924285257e-05
CP  7 23 4.7936899621426287e-05
CP  7 24 2.3968449810713143e-05
CP  7 25 1.1984224905356572e-05
CP  7 26 5.992112452678286e-06
CP  7 27 2.996056226339143e-06
CP  7 28 1.4980281131695715e-06
CP  7 29 7.490140565847857e-07
CP  7 30 3.7450702829239286e-07
CP  7 31 1.8725351414619643e-07
CP  7 32 9.362675707309822e-08
H 8
CP  8 9 1.5707963267948966
CP  8 10 0.7853981633974483
CP  8 11 0.39269908169872414
CP  8 12 0.19634954084936207
CP  8 13 0.09817477042468103
CP  8 14 0.04908738521234052
CP  8 15 0.02454369260617026
CP  8 16 0.01227184630308513
CP  8 17 0.006135923151542565
CP  8 18 0.0030679615757712823
CP  8 19 0.0015339807878856412
CP  8 20 0.0007669903939428206
CP  8 21 0.0003834951969714103
CP  8 22 0.00019174759848570515
CP  8 23 9.587379924285257e-05
CP  8 24 4.7936899621426287e-05
CP  8 25 2.3968449810713143e-05
CP  8 26 1.1984224905356572e-05
CP  8 27 5.992112452678286e-06
CP  8 28 2.996056226339143e-06
CP  8 29 1.4980281131695715e-06
CP  8 30 7.490140565847857e-07
CP  8 31 3.7450702829239286e-07
CP  8 32 1.8725351414619643e-07
H 9
CP  9 10 1.5707963267948966
CP  9 11 0.7853981633974483
CP  9 12 0.39269908169872414
CP  9 13 0.19634954084936207
CP  9 14 0.09817477042468103
CP  9 15 0.04908738521234052
CP  9 16 0.02454369260617026
CP  9 17 0.01227184630308513
CP  9 18 0.006135923151542565
CP  9 19 0.0030679615757712823
CP  9 20 0.0015339807878856412
CP  9 21 0.0007669903939428206
CP  9 22 0.0003834951969714103
CP  9 23 0.00019174759848570515
CP  9 24 9.587379924285257e-05
CP  9 25 4.7936899621426287e-05
CP  9 26 2.3968449810713143e-05
CP  9 27 1.1984224905356572e-05
CP  9 28 5.992112452678286e-06
CP  9 29 2.996056226339143e-06
CP  9 30 1.4980281131695715e-06
CP  9 31 7.490140565847857e-07
CP  9 32 3.7450702829239286e-07
H 10
CP  10 11 1.5707963267948966
CP  10 12 0.7853981633974483
CP  10 13 0.39269908169872414
CP  10 14 0.19634954084936207
CP  10 15 0.09817477042468103
CP  10 16 0.04908738521234052
CP  10 17 0.02454369260617026
CP  10 18 0.01227184630308513
CP  10 19 0.006135923151542565
CP  10 20 0.0030679615757712823
CP  10 21 0.0015339807878856412
CP  10 22 0.0007669903939428206
CP  10 23 0.0003834951969714103
CP  10 24 0.00019174759848570515
CP  10 25 9.587379924285257e-05
CP  10 26 4.7936899621426287e-05
CP  10 27 2.3968449810713143e-05
CP  10 28 1.1984224905356572e-05
CP  10 29 5.992112452678286e-06
CP  10 30 2.996056226339143e-06
CP  10 31 1.4980281131695715e-06
CP  10 32 7.490140565847857e-07
H 11
CP  11 12 1.5707963267948966
CP  11 13 0.7853981633974483
CP  11 14 0.39269908169872414
CP  11 15 0.19634954084936207
CP  11 16 0.09817477042468103
CP  11 17 0.04908738521234052
CP  11 18 0.02454369260617026
CP  11 19 0.01227184630308513
CP  11 20 0.006135923151542565
CP  11 21 0.0030679615757712823
CP  11 22 0.0015339807878856412
CP  11 23 0.0007669903939428206
CP  11 24 0.0003834951969714103
CP  11 25 0.00019174759848570515
CP  11 26 9.587379924285257e-05
CP  11 27 4.7936899621426287e-05
CP  11 28 2.3968449810713143e-05
CP  11 29 1.1984224905356572e-05
CP  11 30 5.992112452678286e-06
CP  11 31 2.996056226339143e-06
CP  11 32 1.4980281131695715e-06
H 12
CP  12 13 1.5707963267948966
CP  12 14 0.7853981633974483
CP  12 15 0.39269908169872414
CP  12 16 0.19634954084936207
CP  12 17 0.09817477042468103
CP  12 18 0.04908738521234052
CP  12 19 0.02454369260617026
CP  12 20 0.01227184630308513
CP  12 21 0.006135923151542565
CP  12 22 0.0030679615757712823
CP  12 23 0.0015339807878856412
CP  12 24 0.0007669903939428206
CP  12 25 0.0003834951969714103
CP  12 26 0.00019174759848570515
CP  12 27 9.587379924285257e-05
CP  12 28 4.7936899621426287e-05
CP  12 29 2.3968449810713143e-05
CP  12 30 1.1984224905356572e-05
CP  12 31 5.992112452678286e-06
CP  12 32 2.996056226339143e-06
H 13
CP  13 14 1.5707963267948966
CP  13 15 0.7853981633974483
CP  13 16 0.39269908169872414
CP  13 17 0.19634954084936207
CP  13 18 0.09817477042468103
CP  13 19 0.04908738521234052
CP  13 20 0.02454369260617026
CP  13 21 0.01227184630308513
CP  13 22 0.006135923151542565
CP  13 23 0.0030679615757712823
CP  13 24 0.0015339807878856412
CP  13 25 0.0007669903939428206
CP  13 26 0.0003834951969714103
CP  13 27 0.00019174759848570515
CP  13 28 9.587379924285257e-05
CP  13 29 4.7936899621426287e-05
CP  13 30 2.3968449810713143e-05
CP  13 31 1.1984224905356572e-05
CP  13 32 5.992112452678286e-06
H 14
CP  14 15 1.5707963267948966
CP  14 16 0.7853981633974483
CP  14 17 0.39269908169872414
CP  14 18 0.19634954084936207
CP  14 19 0.09817477042468103
CP  14 20 0.04908738521234052
CP  14 21 0.02454369260617026
CP  14 22 0.01227184630308513
CP  14 23 0.006135923151542565
CP  14 24 0.0030679615757712823
CP  14 25 0.0015339807878856412
CP  14 26 0.0007669903939428206
CP  14 27 0.0003834951969714103
CP  14 28 0.00019174759848570515
CP  14 29 9.587379924285257e-05
CP  14 30 4.7936899621426287e-05
CP  14 31 2.3968449810713143e-05
CP  14 32 1.1984224905356572e-05
H 15
CP  15 16 1.5707963267948966
CP  15 17 0.7853981633974483
CP  15 18 0.39269908169872414
CP  15 19 0.19634954084936207
CP  15 20 0.09817477042468103
CP  15 21 0.04908738521234052
CP  15 22 0.02454369260617026
CP  15 23 0.01227184630308513
CP  15 24 0.006135923151542565
CP  15 25 0.0030679615757712823
CP  15 26 0.0015339807878856412
CP  15 27 0.0007669903939428206
CP  15 28 0.0003834951969714103
CP  15 29 0.00019174759848570515
CP  15 30 9.587379924285257e-05
CP  15 31 4.7936899621426287e-05
CP  15 32 2.3968449810713143e-05
H 16
CP  16 17 1.5707963267948966
CP  16 18 0.7853981633974483
CP  16 19 0.39269908169872414
CP  16 20 0.19634954084936207
CP  16 21 0.09817477042468103
CP  16 22 0.04908738521234052
CP  16 23 0.02454369260617026
CP  16 24 0.01227184630308513
CP  16 25 0.006135923151542565
CP  16 26 0.0030679615757712823
CP  16 27 0.0015339807878856412
CP  16 28 0.0007669903939428206
CP  16 29 0.0003834951969714103
CP  16 30 0.00019174759848570515
CP  16 31 9.587379924285257e-05
CP  16 32 4.7936899621426287e-05
H 17
CP  17 18 1.5707963267948966
CP  17 19 0.7853981633974483
CP  17 20 0.39269908169872414
CP  17 21 0.19634954084936207
CP  17 22 0.09817477042468103
CP  17 23 0.04908738521234052
CP  17 24 0.02454369260617026
CP  17 25 0.01227184630308513
CP  17 26 0.006135923151542565
CP  17 27 0.0030679615757712823
CP  17 28 0.0015339807878856412
CP  17 29 0.0007669903939428206
CP  17 30 0.0003834951969714103
CP  17 31 0.00019174759848570515
CP  17 32 9.587379924285257e-05
H 18
CP  18 19 1.5707963267948966
CP  18 20 0.7853981633974483
CP  18 21 0.39269908169872414
CP  18 22 0.19634954084936207
CP  18 23 0.09817477042468103
CP  18 24 0.04908738521234052
CP  18 25 0.02454369260617026
CP  18 26 0.01227184630308513
CP  18 27 0.006135923151542565
CP  18 28 0.0030679615757712823
CP  18 29 0.0015339807878856412
CP  18 30 0.0007669903939428206
CP  18 31 0.0003834951969714103
CP  18 32 0.00019174759848570515
H 19
CP  19 20 1.5707963267948966
CP  19 21 0.7853981633974483
CP  19 22 0.39269908169872414
CP  19 23 0.19634954084936207
CP  19 24 0.09817477042468103
CP  19 25 0.04908738521234052
CP  19 26 0.02454369260617026
CP  19 27 0.01227184630308513
CP  19 28 0.006135923151542565
CP  19 29 0.0030679615757712823
CP  19 30 0.0015339807878856412
CP  19 31 0.0007669903939428206
CP  19 32 0.0003834951969714103
H 20
CP  20 21 1.5707963267948966
CP  20 22 0.7853981633974483
CP  20 23 0.39269908169872414
CP  20 24 0.19634954084936207
CP  20 25 0.09817477042468103
CP  20 26 0.04908738521234052
CP  20 27 0.02454369260617026
CP  20 28 0.01227184630308513
CP  20 29 0.006135923151542565
CP  20 30 0.0030679615757712823
CP  20 31 0.0015339807878856412
CP  20 32 0.0007669903939428206
H 21
CP  21 22 1.5707963267948966
CP  21 23 0.7853981633974483
CP  21 24 0.39269908169872414
CP  21 25 0.19634954084936207
CP  21 26 0.09817477042468103
CP  21 27 0.04908738521234052
CP  21 28 0.02454369260617026
CP  21 29 0.01227184630308513
CP  21 30 0.006135923151542565
CP  21 31 0.0030679615757712823
CP  21 32 0.0015339807878856412
H 22
CP  22 23 1.5707963267948966
CP  22 24 0.7853981633974483
CP  22 25 0.39269908169872414
CP  22 26 0.19634954084936207
CP  22 27 0.09817477042468103
CP  22 28 0.04908738521234052
CP  22 29 0.02454369260617026
CP  22 30 0.01227184630308513
CP  22 31 0.006135923151542565
CP  22 32 0.0030679615757712823
H 23
CP  23 24 1.5707963267948966
CP  23 25 0.7853981633974483
CP  23 26 0.39269908169872414
CP  23 27 0.19634954084936207
CP  23 28 0.09817477042468103
CP  23 29 0.04908738521234052
CP  23 30 0.02454369260617026
CP  23 31 0.01227184630308513
CP  23 32 0.006135923151542565
H 24
CP  24 25 1.5707963267948966
CP  24 26 0.7853981633974483
CP  24 27 0.39269908169872414
CP  24 28 0.19634954084936207
CP  24 29 0.09817477042468103
CP  24 30 0.04908738521234052
CP  24 31 0.02454369260617026
CP  24 32 0.01227184630308513
H 25
CP  25 26 1.5707963267948966
CP  25 27 0.7853981633974483
CP  25 28 0.39269908169872414
CP  25 29 0.19634954084936207
CP  25 30 0.09817477042468103
CP  25 31 0.04908738521234052
CP  25 32 0.02454369260617026
H 26
CP  26 27 1.5707963267948966
CP  26 28 0.7853981633974483
CP  26 29 0.39269908169872414
CP  26 30 0.19634954084936207
CP  26 31 0.09817477042468103
CP  26 32 0.04908738521234052
H 27
CP  27 28 1.5707963267948966
CP  27 29 0.7853981633974483
CP  27 30 0.39269908169872414
CP  27 31 0.19634954084936207
CP  27 32 0.09817477042468103
H 28
CP  28 29 1.5707963267948966
CP  28 30 0.7853981633974483
CP  28 31 0.39269908169872414
CP  28 32 0.19634954084936207
H 29
CP  29 30 1.5707963267948966
CP  29 31 0.7853981633974483
CP  29 32 0.39269908169872414
H 30
CP  30 31 1.5707963267948966
CP  30 32 0.7853981633974483
H 31
CP  31 32 1.5707963267948966
H 32
SWAP 0 32
SWAP 1 31
SWAP 2 30
SWAP 3 29
SWAP 4 28
SWAP 5 27
SWAP 6 26
SWAP 7 25
SWAP 8 24
SWAP 9 23
SWAP 10 22
SWAP 11 21
SWAP 12 20
SWAP 13 19
SWAP 14 18
SWAP 15 17
