11
RZZ 0 1 3.141592653589793
RZZ 0 2 3.141592653589793
RZZ 0 3 3.141592653589793
RZZ 0 4 3.141592653589793
RZZ 0 5 3.141592653589793
RZZ 0 6 3.141592653589793
RZZ 0 7 3.141592653589793
RZZ 0 8 3.141592653589793
RZZ 0 9 3.141592653589793
RZZ 0 10 3.141592653589793
RZZ 0 11 3.141592653589793
9
RZZ 0 1 3.141592653589793
RZZ 0 2 3.141592653589793
RZZ 0 3 3.141592653589793
RZZ 0 4 3.141592653589793
RZZ 0 5 3.141592653589793
RZZ 0 6 3.141592653589793
RZZ 0 7 3.141592653589793
RZZ 0 8 3.141592653589793
RZZ 0 9 3.141592653589793
