55
H 0
CP 0 1 1.5707963267948966
CP 0 2 0.7853981633974483
CP 0 3 0.39269908169872414
CP 0 4 0.19634954084936207
CP 0 5 0.09817477042468103
CP 0 6 0.04908738521234052
CP 0 7 0.02454369260617026
CP 0 8 0.01227184630308513
CP 0 9 0.006135923151542565
H 1
CP 1 2 1.5707963267948966
CP 1 3 0.7853981633974483
CP 1 4 0.39269908169872414
CP 1 5 0.19634954084936207
CP 1 6 0.09817477042468103
CP 1 7 0.04908738521234052
CP 1 8 0.02454369260617026
CP 1 9 0.01227184630308513
H 2
CP 2 3 1.5707963267948966
CP 2 4 0.7853981633974483
CP 2 5 0.39269908169872414
CP 2 6 0.19634954084936207
CP 2 7 0.09817477042468103
CP 2 8 0.04908738521234052
CP 2 9 0.02454369260617026
H 3
CP 3 4 1.5707963267948966
CP 3 5 0.7853981633974483
CP 3 6 0.39269908169872414
CP 3 7 0.19634954084936207
CP 3 8 0.09817477042468103
CP 3 9 0.04908738521234052
H 4
CP 4 5 1.5707963267948966
CP 4 6 0.7853981633974483
CP 4 7 0.39269908169872414
CP 4 8 0.19634954084936207
CP 4 9 0.09817477042468103
H 5
CP 5 6 1.5707963267948966
CP 5 7 0.7853981633974483
CP 5 8 0.39269908169872414
CP 5 9 0.19634954084936207
H 6
CP 6 7 1.5707963267948966
CP 6 8 0.7853981633974483
CP 6 9 0.39269908169872414
H 7
CP 7 8 1.5707963267948966
CP 7 9 0.7853981633974483
H 8
CP 8 9 1.5707963267948966
H 9
25
CP 0 5 0.0030679615757712823
CP 0 6 0.0015339807878856412
CP 0 7 0.0007669903939428206
CP 0 8 0.0003834951969714103
CP 0 9 0.00019174759848570515
CP 1 5 0.006135923151542565
CP 1 6 0.0030679615757712823
CP 1 7 0.0015339807878856412
CP 1 8 0.0007669903939428206
CP 1 9 0.0003834951969714103
CP 2 5 0.01227184630308513
CP 2 6 0.006135923151542565
CP 2 7 0.0030679615757712823
CP 2 8 0.0015339807878856412
CP 2 9 0.0007669903939428206
CP 3 5 0.02454369260617026
CP 3 6 0.01227184630308513
CP 3 7 0.006135923151542565
CP 3 8 0.0030679615757712823
CP 3 9 0.0015339807878856412
CP 4 5 0.04908738521234052
CP 4 6 0.02454369260617026
CP 4 7 0.01227184630308513
CP 4 8 0.006135923151542565
CP 4 9 0.0030679615757712823
40
CP 0 5 0.09817477042468103
CP 0 6 0.04908738521234052
CP 0 7 0.02454369260617026
CP 0 8 0.01227184630308513
CP 0 9 0.006135923151542565
CP 1 5 0.19634954084936207
CP 1 6 0.09817477042468103
CP 1 7 0.04908738521234052
CP 1 8 0.02454369260617026
CP 1 9 0.01227184630308513
CP 2 5 0.39269908169872414
CP 2 6 0.19634954084936207
CP 2 7 0.09817477042468103
CP 2 8 0.04908738521234052
CP 2 9 0.02454369260617026
CP 3 5 0.7853981633974483
CP 3 6 0.39269908169872414
CP 3 7 0.19634954084936207
CP 3 8 0.09817477042468103
CP 3 9 0.04908738521234052
CP 4 5 1.5707963267948966
CP 4 6 0.7853981633974483
CP 4 7 0.39269908169872414
CP 4 8 0.19634954084936207
CP 4 9 0.09817477042468103
H 5
CP 5 6 1.5707963267948966
CP 5 7 0.7853981633974483
CP 5 8 0.39269908169872414
CP 5 9 0.19634954084936207
H 6
CP 6 7 1.5707963267948966
CP 6 8 0.7853981633974483
CP 6 9 0.39269908169872414
H 7
CP 7 8 1.5707963267948966
CP 7 9 0.7853981633974483
H 8
CP 8 9 1.5707963267948966
H 9
25
CP 0 5 9.587379924285257e-05
CP 0 6 4.7936899621426287e-05
CP 0 7 2.3968449810713143e-05
CP 0 8 1.1984224905356572e-05
CP 0 9 5.992112452678286e-06
CP 1 5 0.00019174759848570515
CP 1 6 9.587379924285257e-05
CP 1 7 4.7936899621426287e-05
CP 1 8 2.3968449810713143e-05
CP 1 9 1.1984224905356572e-05
CP 2 5 0.0003834951969714103
CP 2 6 0.00019174759848570515
CP 2 7 9.587379924285257e-05
CP 2 8 4.7936899621426287e-05
CP 2 9 2.3968449810713143e-05
CP 3 5 0.0007669903939428206
CP 3 6 0.0003834951969714103
CP 3 7 0.00019174759848570515
CP 3 8 9.587379924285257e-05
CP 3 9 4.7936899621426287e-05
CP 4 5 0.0015339807878856412
CP 4 6 0.0007669903939428206
CP 4 7 0.0003834951969714103
CP 4 8 0.00019174759848570515
CP 4 9 9.587379924285257e-05
25
CP 0 5 0.0030679615757712823
CP 0 6 0.0015339807878856412
CP 0 7 0.0007669903939428206
CP 0 8 0.0003834951969714103
CP 0 9 0.00019174759848570515
CP 1 5 0.006135923151542565
CP 1 6 0.0030679615757712823
CP 1 7 0.0015339807878856412
CP 1 8 0.0007669903939428206
CP 1 9 0.0003834951969714103
CP 2 5 0.01227184630308513
CP 2 6 0.006135923151542565
CP 2 7 0.0030679615757712823
CP 2 8 0.0015339807878856412
CP 2 9 0.0007669903939428206
CP 3 5 0.02454369260617026
CP 3 6 0.01227184630308513
CP 3 7 0.006135923151542565
CP 3 8 0.0030679615757712823
CP 3 9 0.0015339807878856412
CP 4 5 0.04908738521234052
CP 4 6 0.02454369260617026
CP 4 7 0.01227184630308513
CP 4 8 0.006135923151542565
CP 4 9 0.0030679615757712823
40
CP 0 5 0.09817477042468103
CP 0 6 0.04908738521234052
CP 0 7 0.02454369260617026
CP 0 8 0.01227184630308513
CP 0 9 0.006135923151542565
CP 1 5 0.19634954084936207
CP 1 6 0.09817477042468103
CP 1 7 0.04908738521234052
CP 1 8 0.02454369260617026
CP 1 9 0.01227184630308513
CP 2 5 0.39269908169872414
CP 2 6 0.19634954084936207
CP 2 7 0.09817477042468103
CP 2 8 0.04908738521234052
CP 2 9 0.02454369260617026
CP 3 5 0.7853981633974483
CP 3 6 0.39269908169872414
CP 3 7 0.19634954084936207
CP 3 8 0.09817477042468103
CP 3 9 0.04908738521234052
CP 4 5 1.5707963267948966
CP 4 6 0.7853981633974483
CP 4 7 0.39269908169872414
CP 4 8 0.19634954084936207
CP 4 9 0.09817477042468103
H 5
CP 5 6 1.5707963267948966
CP 5 7 0.7853981633974483
CP 5 8 0.39269908169872414
CP 5 9 0.19634954084936207
H 6
CP 6 7 1.5707963267948966
CP 6 8 0.7853981633974483
CP 6 9 0.39269908169872414
H 7
CP 7 8 1.5707963267948966
CP 7 9 0.7853981633974483
H 8
CP 8 9 1.5707963267948966
H 9
25
CP 0 5 2.996056226339143e-06
CP 0 6 1.4980281131695715e-06
CP 0 7 7.490140565847857e-07
CP 0 8 3.7450702829239286e-07
CP 0 9 1.8725351414619643e-07
CP 1 5 5.992112452678286e-06
CP 1 6 2.996056226339143e-06
CP 1 7 1.4980281131695715e-06
CP 1 8 7.490140565847857e-07
CP 1 9 3.7450702829239286e-07
CP 2 5 1.1984224905356572e-05
CP 2 6 5.992112452678286e-06
CP 2 7 2.996056226339143e-06
CP 2 8 1.4980281131695715e-06
CP 2 9 7.490140565847857e-07
CP 3 5 2.3968449810713143e-05
CP 3 6 1.1984224905356572e-05
CP 3 7 5.992112452678286e-06
CP 3 8 2.996056226339143e-06
CP 3 9 1.4980281131695715e-06
CP 4 5 4.7936899621426287e-05
CP 4 6 2.3968449810713143e-05
CP 4 7 1.1984224905356572e-05
CP 4 8 5.992112452678286e-06
CP 4 9 2.996056226339143e-06
25
CP 0 5 9.587379924285257e-05
CP 0 6 4.7936899621426287e-05
CP 0 7 2.3968449810713143e-05
CP 0 8 1.1984224905356572e-05
CP 0 9 5.992112452678286e-06
CP 1 5 0.00019174759848570515
CP 1 6 9.587379924285257e-05
CP 1 7 4.7936899621426287e-05
CP 1 8 2.3968449810713143e-05
CP 1 9 1.1984224905356572e-05
CP 2 5 0.0003834951969714103
CP 2 6 0.00019174759848570515
CP 2 7 9.587379924285257e-05
CP 2 8 4.7936899621426287e-05
CP 2 9 2.3968449810713143e-05
CP 3 5 0.0007669903939428206
CP 3 6 0.0003834951969714103
CP 3 7 0.00019174759848570515
CP 3 8 9.587379924285257e-05
CP 3 9 4.7936899621426287e-05
CP 4 5 0.0015339807878856412
CP 4 6 0.0007669903939428206
CP 4 7 0.0003834951969714103
CP 4 8 0.00019174759848570515
CP 4 9 9.587379924285257e-05
25
CP 0 5 0.0030679615757712823
CP 0 6 0.0015339807878856412
CP 0 7 0.0007669903939428206
CP 0 8 0.0003834951969714103
CP 0 9 0.00019174759848570515
CP 1 5 0.006135923151542565
CP 1 6 0.0030679615757712823
CP 1 7 0.0015339807878856412
CP 1 8 0.0007669903939428206
CP 1 9 0.0003834951969714103
CP 2 5 0.01227184630308513
CP 2 6 0.006135923151542565
CP 2 7 0.0030679615757712823
CP 2 8 0.0015339807878856412
CP 2 9 0.0007669903939428206
CP 3 5 0.02454369260617026
CP 3 6 0.01227184630308513
CP 3 7 0.006135923151542565
CP 3 8 0.0030679615757712823
CP 3 9 0.0015339807878856412
CP 4 5 0.04908738521234052
CP 4 6 0.02454369260617026
CP 4 7 0.01227184630308513
CP 4 8 0.006135923151542565
CP 4 9 0.0030679615757712823
40
CP 0 5 0.09817477042468103
CP 0 6 0.04908738521234052
CP 0 7 0.02454369260617026
CP 0 8 0.01227184630308513
CP 0 9 0.006135923151542565
CP 1 5 0.19634954084936207
CP 1 6 0.09817477042468103
CP 1 7 0.04908738521234052
CP 1 8 0.02454369260617026
CP 1 9 0.01227184630308513
CP 2 5 0.39269908169872414
CP 2 6 0.19634954084936207
CP 2 7 0.09817477042468103
CP 2 8 0.04908738521234052
CP 2 9 0.02454369260617026
CP 3 5 0.7853981633974483
CP 3 6 0.39269908169872414
CP 3 7 0.19634954084936207
CP 3 8 0.09817477042468103
CP 3 9 0.04908738521234052
CP 4 5 1.5707963267948966
CP 4 6 0.7853981633974483
CP 4 7 0.39269908169872414
CP 4 8 0.19634954084936207
CP 4 9 0.09817477042468103
H 5
CP 5 6 1.5707963267948966
CP 5 7 0.7853981633974483
CP 5 8 0.39269908169872414
CP 5 9 0.19634954084936207
H 6
CP 6 7 1.5707963267948966
CP 6 8 0.7853981633974483
CP 6 9 0.39269908169872414
H 7
CP 7 8 1.5707963267948966
CP 7 9 0.7853981633974483
H 8
CP 8 9 1.5707963267948966
H 9
16
CP 3 8 9.362675707309822e-08
CP 3 9 4.681337853654911e-08
CP 4 8 1.8725351414619643e-07
CP 4 9 9.362675707309822e-08
CP 5 8 3.7450702829239286e-07
CP 5 9 1.8725351414619643e-07
CP 6 8 7.490140565847857e-07
CP 6 9 3.7450702829239286e-07
CP 7 8 1.4980281131695715e-06
CP 7 9 7.490140565847857e-07
CP 0 8 2.996056226339143e-06
CP 0 9 1.4980281131695715e-06
CP 1 8 5.992112452678286e-06
CP 1 9 2.996056226339143e-06
CP 2 8 1.1984224905356572e-05
CP 2 9 5.992112452678286e-06
18
CP 1 8 2.3968449810713143e-05
CP 1 9 1.1984224905356572e-05
CP 2 8 4.7936899621426287e-05
CP 2 9 2.3968449810713143e-05
CP 3 8 9.587379924285257e-05
CP 3 9 4.7936899621426287e-05
CP 4 8 0.00019174759848570515
CP 4 9 9.587379924285257e-05
CP 5 8 0.0003834951969714103
CP 5 9 0.00019174759848570515
CP 6 8 0.0007669903939428206
CP 6 9 0.0003834951969714103
CP 7 8 0.0015339807878856412
CP 7 9 0.0007669903939428206
CP 0 8 0.0030679615757712823
CP 0 9 0.0015339807878856412
SWAP 0 4
SWAP 5 7
16
CP 0 8 0.006135923151542565
CP 0 9 0.0030679615757712823
CP 1 8 0.01227184630308513
CP 1 9 0.006135923151542565
CP 2 8 0.02454369260617026
CP 2 9 0.01227184630308513
CP 3 8 0.04908738521234052
CP 3 9 0.02454369260617026
CP 4 8 0.09817477042468103
CP 4 9 0.04908738521234052
CP 5 8 0.19634954084936207
CP 5 9 0.09817477042468103
CP 6 8 0.39269908169872414
CP 6 9 0.19634954084936207
CP 7 8 0.7853981633974483
CP 7 9 0.39269908169872414
10
CP 7 8 1.5707963267948966
CP 7 9 0.7853981633974483
H 8
CP 8 9 1.5707963267948966
H 9
SWAP 4 9
SWAP 5 8
SWAP 6 7
SWAP 1 2
SWAP 0 3
5
SWAP 8 9
SWAP 0 7
SWAP 2 6
SWAP 3 5
SWAP 1 4
1
SWAP 0 8
