1
SWAP 9 11
27
SWAP 0 11
SWAP 1 10
SWAP 2 9
SWAP 3 8
SWAP 4 7
SWAP 5 6
H 11
CP 10 11 1.5707963267948966
H 11
CP 9 10 0.7853981633974483
CP 10 11 1.5707963267948966
H 11
CP 8 9 0.39269908169872414
CP 9 10 0.7853981633974483
CP 10 11 1.5707963267948966
H 11
CP 7 8 0.19634954084936207
CP 8 9 0.39269908169872414
CP 9 10 0.7853981633974483
CP 10 11 1.5707963267948966
H 11
CP 6 7 0.09817477042468103
CP 7 8 0.19634954084936207
CP 8 9 0.39269908169872414
CP 9 10 0.7853981633974483
CP 10 11 1.5707963267948966
H 11
30
SWAP 2 3
SWAP 1 4
SWAP 0 5
CP 3 6 0.04908738521234052
CP 6 7 0.09817477042468103
CP 7 8 0.19634954084936207
CP 3 4 0.02454369260617026
CP 4 6 0.04908738521234052
CP 6 7 0.09817477042468103
CP 3 5 0.01227184630308513
CP 4 5 0.02454369260617026
CP 5 6 0.04908738521234052
CP 3 11 0.006135923151542565
CP 4 11 0.01227184630308513
CP 5 11 0.02454369260617026
CP 3 10 0.0030679615757712823
CP 4 10 0.006135923151542565
CP 5 10 0.01227184630308513
CP 3 9 0.0015339807878856412
CP 4 9 0.0030679615757712823
CP 5 9 0.006135923151542565
CP 0 3 0.0007669903939428206
CP 3 4 0.0015339807878856412
CP 4 5 0.0030679615757712823
CP 0 1 0.0003834951969714103
CP 1 3 0.0007669903939428206
CP 3 4 0.0015339807878856412
CP 0 2 0.00019174759848570515
CP 1 2 0.0003834951969714103
CP 2 3 0.0007669903939428206
72
CP 0 8 0.39269908169872414
CP 1 8 0.7853981633974483
CP 2 8 1.5707963267948966
H 8
CP 0 7 0.19634954084936207
CP 1 7 0.39269908169872414
CP 2 7 0.7853981633974483
CP 7 8 1.5707963267948966
H 8
CP 0 6 0.09817477042468103
CP 1 6 0.19634954084936207
CP 2 6 0.39269908169872414
CP 6 7 0.7853981633974483
CP 7 8 1.5707963267948966
H 8
CP 0 11 0.04908738521234052
CP 1 11 0.09817477042468103
CP 2 11 0.19634954084936207
CP 6 11 0.39269908169872414
CP 7 11 0.7853981633974483
CP 8 11 1.5707963267948966
H 11
CP 0 10 0.02454369260617026
CP 1 10 0.04908738521234052
CP 2 10 0.09817477042468103
CP 6 10 0.19634954084936207
CP 7 10 0.39269908169872414
CP 8 10 0.7853981633974483
CP 10 11 1.5707963267948966
H 11
CP 0 9 0.01227184630308513
CP 1 9 0.02454369260617026
CP 2 9 0.04908738521234052
CP 6 9 0.09817477042468103
CP 7 9 0.19634954084936207
CP 8 9 0.39269908169872414
CP 9 10 0.7853981633974483
CP 10 11 1.5707963267948966
H 11
CP 0 5 0.006135923151542565
CP 1 5 0.01227184630308513
CP 2 5 0.02454369260617026
CP 5 6 0.04908738521234052
CP 6 7 0.09817477042468103
CP 7 8 0.19634954084936207
CP 8 9 0.39269908169872414
CP 9 10 0.7853981633974483
CP 10 11 1.5707963267948966
H 11
CP 0 4 0.0030679615757712823
CP 1 4 0.006135923151542565
CP 2 4 0.01227184630308513
CP 4 5 0.02454369260617026
CP 5 6 0.04908738521234052
CP 6 7 0.09817477042468103
CP 7 8 0.19634954084936207
CP 8 9 0.39269908169872414
CP 9 10 0.7853981633974483
CP 10 11 1.5707963267948966
H 11
CP 0 3 0.0015339807878856412
CP 1 3 0.0030679615757712823
CP 2 3 0.006135923151542565
CP 3 4 0.01227184630308513
CP 4 5 0.02454369260617026
CP 5 6 0.04908738521234052
CP 6 7 0.09817477042468103
CP 7 8 0.19634954084936207
CP 8 9 0.39269908169872414
CP 9 10 0.7853981633974483
CP 10 11 1.5707963267948966
H 11
36
CP 8 9 9.587379924285257e-05
CP 9 10 0.00019174759848570515
CP 10 11 0.0003834951969714103
CP 0 11 0.0007669903939428206
CP 1 11 0.0015339807878856412
CP 2 11 0.0030679615757712823
CP 7 8 4.7936899621426287e-05
CP 8 9 9.587379924285257e-05
CP 9 10 0.00019174759848570515
CP 0 10 0.0003834951969714103
CP 1 10 0.0007669903939428206
CP 2 10 0.0015339807878856412
CP 6 7 2.3968449810713143e-05
CP 7 8 4.7936899621426287e-05
CP 8 9 9.587379924285257e-05
CP 0 9 0.00019174759848570515
CP 1 9 0.0003834951969714103
CP 2 9 0.0007669903939428206
CP 5 6 1.1984224905356572e-05
CP 6 7 2.3968449810713143e-05
CP 7 8 4.7936899621426287e-05
CP 0 8 9.587379924285257e-05
CP 1 8 0.00019174759848570515
CP 2 8 0.0003834951969714103
CP 4 5 5.992112452678286e-06
CP 5 6 1.1984224905356572e-05
CP 6 7 2.3968449810713143e-05
CP 0 7 4.7936899621426287e-05
CP 1 7 9.587379924285257e-05
CP 2 7 0.00019174759848570515
CP 3 4 2.996056226339143e-06
CP 4 5 5.992112452678286e-06
CP 5 6 1.1984224905356572e-05
CP 0 6 2.3968449810713143e-05
CP 1 6 4.7936899621426287e-05
CP 2 6 9.587379924285257e-05
36
CP 0 11 0.006135923151542565
CP 1 11 0.01227184630308513
CP 2 11 0.02454369260617026
CP 3 11 0.04908738521234052
CP 4 11 0.09817477042468103
CP 5 11 0.19634954084936207
CP 0 10 0.0030679615757712823
CP 1 10 0.006135923151542565
CP 2 10 0.01227184630308513
CP 3 10 0.02454369260617026
CP 4 10 0.04908738521234052
CP 5 10 0.09817477042468103
CP 0 9 0.0015339807878856412
CP 1 9 0.0030679615757712823
CP 2 9 0.006135923151542565
CP 3 9 0.01227184630308513
CP 4 9 0.02454369260617026
CP 5 9 0.04908738521234052
CP 0 8 0.0007669903939428206
CP 1 8 0.0015339807878856412
CP 2 8 0.0030679615757712823
CP 3 8 0.006135923151542565
CP 4 8 0.01227184630308513
CP 5 8 0.02454369260617026
CP 0 7 0.0003834951969714103
CP 1 7 0.0007669903939428206
CP 2 7 0.0015339807878856412
CP 3 7 0.0030679615757712823
CP 4 7 0.006135923151542565
CP 5 7 0.01227184630308513
CP 0 6 0.00019174759848570515
CP 1 6 0.0003834951969714103
CP 2 6 0.0007669903939428206
CP 3 6 0.0015339807878856412
CP 4 6 0.0030679615757712823
CP 5 6 0.006135923151542565
39
CP 3 11 0.39269908169872414
CP 4 11 0.7853981633974483
CP 5 11 1.5707963267948966
H 11
CP 3 10 0.19634954084936207
CP 4 10 0.39269908169872414
CP 5 10 0.7853981633974483
CP 10 11 1.5707963267948966
H 11
CP 3 9 0.09817477042468103
CP 4 9 0.19634954084936207
CP 5 9 0.39269908169872414
CP 9 10 0.7853981633974483
CP 10 11 1.5707963267948966
H 11
CP 3 8 0.04908738521234052
CP 4 8 0.09817477042468103
CP 5 8 0.19634954084936207
CP 8 9 0.39269908169872414
CP 9 10 0.7853981633974483
CP 10 11 1.5707963267948966
H 11
CP 3 7 0.02454369260617026
CP 4 7 0.04908738521234052
CP 5 7 0.09817477042468103
CP 7 8 0.19634954084936207
CP 8 9 0.39269908169872414
CP 9 10 0.7853981633974483
CP 10 11 1.5707963267948966
H 11
CP 3 6 0.01227184630308513
CP 4 6 0.02454369260617026
CP 5 6 0.04908738521234052
CP 6 7 0.09817477042468103
CP 7 8 0.19634954084936207
CP 8 9 0.39269908169872414
CP 9 10 0.7853981633974483
CP 10 11 1.5707963267948966
H 11
