SWAP 0 20
SWAP 1 19
SWAP 2 18
SWAP 3 17
SWAP 4 16
SWAP 5 15
SWAP 6 14
SWAP 7 13
SWAP 8 12
SWAP 9 11
H 20
U2  19 20 0.5 0 0 0 0 0 0 0 0 0 0.5 0 0 0 0 0 0 0 0 0 0.5 0 0 0 0 0 0 0 0 0 0.5 0
H 19
U2  18 20 0.5 0 0 0 0 0 0 0 0 0 0.5 0 0 0 0 0 0 0 0 0 0.5 0 0 0 0 0 0 0 0 0 0.5 0
U2  18 19 0.5 0 0 0 0 0 0 0 0 0 0.5 0 0 0 0 0 0 0 0 0 0.5 0 0 0 0 0 0 0 0 0 0.5 0
H 18
U2  17 20 0.5 0 0 0 0 0 0 0 0 0 0.5 0 0 0 0 0 0 0 0 0 0.5 0 0 0 0 0 0 0 0 0 0.5 0
U2  17 19 0.5 0 0 0 0 0 0 0 0 0 0.5 0 0 0 0 0 0 0 0 0 0.5 0 0 0 0 0 0 0 0 0 0.5 0
U2  17 18 0.5 0 0 0 0 0 0 0 0 0 0.5 0 0 0 0 0 0 0 0 0 0.5 0 0 0 0 0 0 0 0 0 0.5 0
H 17
U2  16 20 0.5 0 0 0 0 0 0 0 0 0 0.5 0 0 0 0 0 0 0 0 0 0.5 0 0 0 0 0 0 0 0 0 0.5 0
U2  16 19 0.5 0 0 0 0 0 0 0 0 0 0.5 0 0 0 0 0 0 0 0 0 0.5 0 0 0 0 0 0 0 0 0 0.5 0
U2  16 18 0.5 0 0 0 0 0 0 0 0 0 0.5 0 0 0 0 0 0 0 0 0 0.5 0 0 0 0 0 0 0 0 0 0.5 0
U2  16 17 0.5 0 0 0 0 0 0 0 0 0 0.5 0 0 0 0 0 0 0 0 0 0.5 0 0 0 0 0 0 0 0 0 0.5 0
H 16
U2  15 20 0.5 0 0 0 0 0 0 0 0 0 0.5 0 0 0 0 0 0 0 0 0 0.5 0 0 0 0 0 0 0 0 0 0.5 0
U2  15 19 0.5 0 0 0 0 0 0 0 0 0 0.5 0 0 0 0 0 0 0 0 0 0.5 0 0 0 0 0 0 0 0 0 0.5 0
U2  15 18 0.5 0 0 0 0 0 0 0 0 0 0.5 0 0 0 0 0 0 0 0 0 0.5 0 0 0 0 0 0 0 0 0 0.5 0
U2  15 17 0.5 0 0 0 0 0 0 0 0 0 0.5 0 0 0 0 0 0 0 0 0 0.5 0 0 0 0 0 0 0 0 0 0.5 0
U2  15 16 0.5 0 0 0 0 0 0 0 0 0 0.5 0 0 0 0 0 0 0 0 0 0.5 0 0 0 0 0 0 0 0 0 0.5 0
H 15
U2  14 20 0.5 0 0 0 0 0 0 0 0 0 0.5 0 0 0 0 0 0 0 0 0 0.5 0 0 0 0 0 0 0 0 0 0.5 0
U2  14 19 0.5 0 0 0 0 0 0 0 0 0 0.5 0 0 0 0 0 0 0 0 0 0.5 0 0 0 0 0 0 0 0 0 0.5 0
U2  14 18 0.5 0 0 0 0 0 0 0 0 0 0.5 0 0 0 0 0 0 0 0 0 0.5 0 0 0 0 0 0 0 0 0 0.5 0
U2  14 17 0.5 0 0 0 0 0 0 0 0 0 0.5 0 0 0 0 0 0 0 0 0 0.5 0 0 0 0 0 0 0 0 0 0.5 0
U2  14 16 0.5 0 0 0 0 0 0 0 0 0 0.5 0 0 0 0 0 0 0 0 0 0.5 0 0 0 0 0 0 0 0 0 0.5 0
U2  14 15 0.5 0 0 0 0 0 0 0 0 0 0.5 0 0 0 0 0 0 0 0 0 0.5 0 0 0 0 0 0 0 0 0 0.5 0
H 14
U2  13 20 0.5 0 0 0 0 0 0 0 0 0 0.5 0 0 0 0 0 0 0 0 0 0.5 0 0 0 0 0 0 0 0 0 0.5 0
U2  13 19 0.5 0 0 0 0 0 0 0 0 0 0.5 0 0 0 0 0 0 0 0 0 0.5 0 0 0 0 0 0 0 0 0 0.5 0
U2  13 18 0.5 0 0 0 0 0 0 0 0 0 0.5 0 0 0 0 0 0 0 0 0 0.5 0 0 0 0 0 0 0 0 0 0.5 0
U2  13 17 0.5 0 0 0 0 0 0 0 0 0 0.5 0 0 0 0 0 0 0 0 0 0.5 0 0 0 0 0 0 0 0 0 0.5 0
U2  13 16 0.5 0 0 0 0 0 0 0 0 0 0.5 0 0 0 0 0 0 0 0 0 0.5 0 0 0 0 0 0 0 0 0 0.5 0
U2  13 15 0.5 0 0 0 0 0 0 0 0 0 0.5 0 0 0 0 0 0 0 0 0 0.5 0 0 0 0 0 0 0 0 0 0.5 0
U2  13 14 0.5 0 0 0 0 0 0 0 0 0 0.5 0 0 0 0 0 0 0 0 0 0.5 0 0 0 0 0 0 0 0 0 0.5 0
H 13
U2  12 20 0.5 0 0 0 0 0 0 0 0 0 0.5 0 0 0 0 0 0 0 0 0 0.5 0 0 0 0 0 0 0 0 0 0.5 0
U2  12 19 0.5 0 0 0 0 0 0 0 0 0 0.5 0 0 0 0 0 0 0 0 0 0.5 0 0 0 0 0 0 0 0 0 0.5 0
U2  12 18 0.5 0 0 0 0 0 0 0 0 0 0.5 0 0 0 0 0 0 0 0 0 0.5 0 0 0 0 0 0 0 0 0 0.5 0
U2  12 17 0.5 0 0 0 0 0 0 0 0 0 0.5 0 0 0 0 0 0 0 0 0 0.5 0 0 0 0 0 0 0 0 0 0.5 0
U2  12 16 0.5 0 0 0 0 0 0 0 0 0 0.5 0 0 0 0 0 0 0 0 0 0.5 0 0 0 0 0 0 0 0 0 0.5 0
U2  12 15 0.5 0 0 0 0 0 0 0 0 0 0.5 0 0 0 0 0 0 0 0 0 0.5 0 0 0 0 0 0 0 0 0 0.5 0
U2  12 14 0.5 0 0 0 0 0 0 0 0 0 0.5 0 0 0 0 0 0 0 0 0 0.5 0 0 0 0 0 0 0 0 0 0.5 0
U2  12 13 0.5 0 0 0 0 0 0 0 0 0 0.5 0 0 0 0 0 0 0 0 0 0.5 0 0 0 0 0 0 0 0 0 0.5 0
H 12
U2  11 20 0.5 0 0 0 0 0 0 0 0 0 0.5 0 0 0 0 0 0 0 0 0 0.5 0 0 0 0 0 0 0 0 0 0.5 0
U2  11 19 0.5 0 0 0 0 0 0 0 0 0 0.5 0 0 0 0 0 0 0 0 0 0.5 0 0 0 0 0 0 0 0 0 0.5 0
U2  11 18 0.5 0 0 0 0 0 0 0 0 0 0.5 0 0 0 0 0 0 0 0 0 0.5 0 0 0 0 0 0 0 0 0 0.5 0
U2  11 17 0.5 0 0 0 0 0 0 0 0 0 0.5 0 0 0 0 0 0 0 0 0 0.5 0 0 0 0 0 0 0 0 0 0.5 0
U2  11 16 0.5 0 0 0 0 0 0 0 0 0 0.5 0 0 0 0 0 0 0 0 0 0.5 0 0 0 0 0 0 0 0 0 0.5 0
U2  11 15 0.5 0 0 0 0 0 0 0 0 0 0.5 0 0 0 0 0 0 0 0 0 0.5 0 0 0 0 0 0 0 0 0 0.5 0
U2  11 14 0.5 0 0 0 0 0 0 0 0 0 0.5 0 0 0 0 0 0 0 0 0 0.5 0 0 0 0 0 0 0 0 0 0.5 0
U2  11 13 0.5 0 0 0 0 0 0 0 0 0 0.5 0 0 0 0 0 0 0 0 0 0.5 0 0 0 0 0 0 0 0 0 0.5 0
U2  11 12 0.5 0 0 0 0 0 0 0 0 0 0.5 0 0 0 0 0 0 0 0 0 0.5 0 0 0 0 0 0 0 0 0 0.5 0
H 11
U2  10 20 0.5 0 0 0 0 0 0 0 0 0 0.5 0 0 0 0 0 0 0 0 0 0.5 0 0 0 0 0 0 0 0 0 0.5 0
U2  10 19 0.5 0 0 0 0 0 0 0 0 0 0.5 0 0 0 0 0 0 0 0 0 0.5 0 0 0 0 0 0 0 0 0 0.5 0
U2  10 18 0.5 0 0 0 0 0 0 0 0 0 0.5 0 0 0 0 0 0 0 0 0 0.5 0 0 0 0 0 0 0 0 0 0.5 0
U2  10 17 0.5 0 0 0 0 0 0 0 0 0 0.5 0 0 0 0 0 0 0 0 0 0.5 0 0 0 0 0 0 0 0 0 0.5 0
U2  10 16 0.5 0 0 0 0 0 0 0 0 0 0.5 0 0 0 0 0 0 0 0 0 0.5 0 0 0 0 0 0 0 0 0 0.5 0
U2  10 15 0.5 0 0 0 0 0 0 0 0 0 0.5 0 0 0 0 0 0 0 0 0 0.5 0 0 0 0 0 0 0 0 0 0.5 0
U2  10 14 0.5 0 0 0 0 0 0 0 0 0 0.5 0 0 0 0 0 0 0 0 0 0.5 0 0 0 0 0 0 0 0 0 0.5 0
U2  10 13 0.5 0 0 0 0 0 0 0 0 0 0.5 0 0 0 0 0 0 0 0 0 0.5 0 0 0 0 0 0 0 0 0 0.5 0
U2  10 12 0.5 0 0 0 0 0 0 0 0 0 0.5 0 0 0 0 0 0 0 0 0 0.5 0 0 0 0 0 0 0 0 0 0.5 0
U2  10 11 0.5 0 0 0 0 0 0 0 0 0 0.5 0 0 0 0 0 0 0 0 0 0.5 0 0 0 0 0 0 0 0 0 0.5 0
H 10
U2  9 20 0.5 0 0 0 0 0 0 0 0 0 0.5 0 0 0 0 0 0 0 0 0 0.5 0 0 0 0 0 0 0 0 0 0.5 0
U2  9 19 0.5 0 0 0 0 0 0 0 0 0 0.5 0 0 0 0 0 0 0 0 0 0.5 0 0 0 0 0 0 0 0 0 0.5 0
U2  9 18 0.5 0 0 0 0 0 0 0 0 0 0.5 0 0 0 0 0 0 0 0 0 0.5 0 0 0 0 0 0 0 0 0 0.5 0
U2  9 17 0.5 0 0 0 0 0 0 0 0 0 0.5 0 0 0 0 0 0 0 0 0 0.5 0 0 0 0 0 0 0 0 0 0.5 0
U2  9 16 0.5 0 0 0 0 0 0 0 0 0 0.5 0 0 0 0 0 0 0 0 0 0.5 0 0 0 0 0 0 0 0 0 0.5 0
U2  9 15 0.5 0 0 0 0 0 0 0 0 0 0.5 0 0 0 0 0 0 0 0 0 0.5 0 0 0 0 0 0 0 0 0 0.5 0
U2  9 14 0.5 0 0 0 0 0 0 0 0 0 0.5 0 0 0 0 0 0 0 0 0 0.5 0 0 0 0 0 0 0 0 0 0.5 0
U2  9 13 0.5 0 0 0 0 0 0 0 0 0 0.5 0 0 0 0 0 0 0 0 0 0.5 0 0 0 0 0 0 0 0 0 0.5 0
U2  9 12 0.5 0 0 0 0 0 0 0 0 0 0.5 0 0 0 0 0 0 0 0 0 0.5 0 0 0 0 0 0 0 0 0 0.5 0
U2  9 11 0.5 0 0 0 0 0 0 0 0 0 0.5 0 0 0 0 0 0 0 0 0 0.5 0 0 0 0 0 0 0 0 0 0.5 0
U2  9 10 0.5 0 0 0 0 0 0 0 0 0 0.5 0 0 0 0 0 0 0 0 0 0.5 0 0 0 0 0 0 0 0 0 0.5 0
H 9
U2  8 20 0.5 0 0 0 0 0 0 0 0 0 0.5 0 0 0 0 0 0 0 0 0 0.5 0 0 0 0 0 0 0 0 0 0.5 0
U2  8 19 0.5 0 0 0 0 0 0 0 0 0 0.5 0 0 0 0 0 0 0 0 0 0.5 0 0 0 0 0 0 0 0 0 0.5 0
U2  8 18 0.5 0 0 0 0 0 0 0 0 0 0.5 0 0 0 0 0 0 0 0 0 0.5 0 0 0 0 0 0 0 0 0 0.5 0
U2  8 17 0.5 0 0 0 0 0 0 0 0 0 0.5 0 0 0 0 0 0 0 0 0 0.5 0 0 0 0 0 0 0 0 0 0.5 0
U2  8 16 0.5 0 0 0 0 0 0 0 0 0 0.5 0 0 0 0 0 0 0 0 0 0.5 0 0 0 0 0 0 0 0 0 0.5 0
U2  8 15 0.5 0 0 0 0 0 0 0 0 0 0.5 0 0 0 0 0 0 0 0 0 0.5 0 0 0 0 0 0 0 0 0 0.5 0
U2  8 14 0.5 0 0 0 0 0 0 0 0 0 0.5 0 0 0 0 0 0 0 0 0 0.5 0 0 0 0 0 0 0 0 0 0.5 0
U2  8 13 0.5 0 0 0 0 0 0 0 0 0 0.5 0 0 0 0 0 0 0 0 0 0.5 0 0 0 0 0 0 0 0 0 0.5 0
U2  8 12 0.5 0 0 0 0 0 0 0 0 0 0.5 0 0 0 0 0 0 0 0 0 0.5 0 0 0 0 0 0 0 0 0 0.5 0
U2  8 11 0.5 0 0 0 0 0 0 0 0 0 0.5 0 0 0 0 0 0 0 0 0 0.5 0 0 0 0 0 0 0 0 0 0.5 0
U2  8 10 0.5 0 0 0 0 0 0 0 0 0 0.5 0 0 0 0 0 0 0 0 0 0.5 0 0 0 0 0 0 0 0 0 0.5 0
U2  8 9 0.5 0 0 0 0 0 0 0 0 0 0.5 0 0 0 0 0 0 0 0 0 0.5 0 0 0 0 0 0 0 0 0 0.5 0
H 8
U2  7 20 0.5 0 0 0 0 0 0 0 0 0 0.5 0 0 0 0 0 0 0 0 0 0.5 0 0 0 0 0 0 0 0 0 0.5 0
U2  7 19 0.5 0 0 0 0 0 0 0 0 0 0.5 0 0 0 0 0 0 0 0 0 0.5 0 0 0 0 0 0 0 0 0 0.5 0
U2  7 18 0.5 0 0 0 0 0 0 0 0 0 0.5 0 0 0 0 0 0 0 0 0 0.5 0 0 0 0 0 0 0 0 0 0.5 0
U2  7 17 0.5 0 0 0 0 0 0 0 0 0 0.5 0 0 0 0 0 0 0 0 0 0.5 0 0 0 0 0 0 0 0 0 0.5 0
U2  7 16 0.5 0 0 0 0 0 0 0 0 0 0.5 0 0 0 0 0 0 0 0 0 0.5 0 0 0 0 0 0 0 0 0 0.5 0
U2  7 15 0.5 0 0 0 0 0 0 0 0 0 0.5 0 0 0 0 0 0 0 0 0 0.5 0 0 0 0 0 0 0 0 0 0.5 0
U2  7 14 0.5 0 0 0 0 0 0 0 0 0 0.5 0 0 0 0 0 0 0 0 0 0.5 0 0 0 0 0 0 0 0 0 0.5 0
U2  7 13 0.5 0 0 0 0 0 0 0 0 0 0.5 0 0 0 0 0 0 0 0 0 0.5 0 0 0 0 0 0 0 0 0 0.5 0
U2  7 12 0.5 0 0 0 0 0 0 0 0 0 0.5 0 0 0 0 0 0 0 0 0 0.5 0 0 0 0 0 0 0 0 0 0.5 0
U2  7 11 0.5 0 0 0 0 0 0 0 0 0 0.5 0 0 0 0 0 0 0 0 0 0.5 0 0 0 0 0 0 0 0 0 0.5 0
U2  7 10 0.5 0 0 0 0 0 0 0 0 0 0.5 0 0 0 0 0 0 0 0 0 0.5 0 0 0 0 0 0 0 0 0 0.5 0
U2  7 9 0.5 0 0 0 0 0 0 0 0 0 0.5 0 0 0 0 0 0 0 0 0 0.5 0 0 0 0 0 0 0 0 0 0.5 0
U2  7 8 0.5 0 0 0 0 0 0 0 0 0 0.5 0 0 0 0 0 0 0 0 0 0.5 0 0 0 0 0 0 0 0 0 0.5 0
H 7
U2  6 20 0.5 0 0 0 0 0 0 0 0 0 0.5 0 0 0 0 0 0 0 0 0 0.5 0 0 0 0 0 0 0 0 0 0.5 0
U2  6 19 0.5 0 0 0 0 0 0 0 0 0 0.5 0 0 0 0 0 0 0 0 0 0.5 0 0 0 0 0 0 0 0 0 0.5 0
U2  6 18 0.5 0 0 0 0 0 0 0 0 0 0.5 0 0 0 0 0 0 0 0 0 0.5 0 0 0 0 0 0 0 0 0 0.5 0
U2  6 17 0.5 0 0 0 0 0 0 0 0 0 0.5 0 0 0 0 0 0 0 0 0 0.5 0 0 0 0 0 0 0 0 0 0.5 0
U2  6 16 0.5 0 0 0 0 0 0 0 0 0 0.5 0 0 0 0 0 0 0 0 0 0.5 0 0 0 0 0 0 0 0 0 0.5 0
U2  6 15 0.5 0 0 0 0 0 0 0 0 0 0.5 0 0 0 0 0 0 0 0 0 0.5 0 0 0 0 0 0 0 0 0 0.5 0
U2  6 14 0.5 0 0 0 0 0 0 0 0 0 0.5 0 0 0 0 0 0 0 0 0 0.5 0 0 0 0 0 0 0 0 0 0.5 0
U2  6 13 0.5 0 0 0 0 0 0 0 0 0 0.5 0 0 0 0 0 0 0 0 0 0.5 0 0 0 0 0 0 0 0 0 0.5 0
U2  6 12 0.5 0 0 0 0 0 0 0 0 0 0.5 0 0 0 0 0 0 0 0 0 0.5 0 0 0 0 0 0 0 0 0 0.5 0
U2  6 11 0.5 0 0 0 0 0 0 0 0 0 0.5 0 0 0 0 0 0 0 0 0 0.5 0 0 0 0 0 0 0 0 0 0.5 0
U2  6 10 0.5 0 0 0 0 0 0 0 0 0 0.5 0 0 0 0 0 0 0 0 0 0.5 0 0 0 0 0 0 0 0 0 0.5 0
U2  6 9 0.5 0 0 0 0 0 0 0 0 0 0.5 0 0 0 0 0 0 0 0 0 0.5 0 0 0 0 0 0 0 0 0 0.5 0
U2  6 8 0.5 0 0 0 0 0 0 0 0 0 0.5 0 0 0 0 0 0 0 0 0 0.5 0 0 0 0 0 0 0 0 0 0.5 0
U2  6 7 0.5 0 0 0 0 0 0 0 0 0 0.5 0 0 0 0 0 0 0 0 0 0.5 0 0 0 0 0 0 0 0 0 0.5 0
H 6
U2  5 20 0.5 0 0 0 0 0 0 0 0 0 0.5 0 0 0 0 0 0 0 0 0 0.5 0 0 0 0 0 0 0 0 0 0.5 0
U2  5 19 0.5 0 0 0 0 0 0 0 0 0 0.5 0 0 0 0 0 0 0 0 0 0.5 0 0 0 0 0 0 0 0 0 0.5 0
U2  5 18 0.5 0 0 0 0 0 0 0 0 0 0.5 0 0 0 0 0 0 0 0 0 0.5 0 0 0 0 0 0 0 0 0 0.5 0
U2  5 17 0.5 0 0 0 0 0 0 0 0 0 0.5 0 0 0 0 0 0 0 0 0 0.5 0 0 0 0 0 0 0 0 0 0.5 0
U2  5 16 0.5 0 0 0 0 0 0 0 0 0 0.5 0 0 0 0 0 0 0 0 0 0.5 0 0 0 0 0 0 0 0 0 0.5 0
U2  5 15 0.5 0 0 0 0 0 0 0 0 0 0.5 0 0 0 0 0 0 0 0 0 0.5 0 0 0 0 0 0 0 0 0 0.5 0
U2  5 14 0.5 0 0 0 0 0 0 0 0 0 0.5 0 0 0 0 0 0 0 0 0 0.5 0 0 0 0 0 0 0 0 0 0.5 0
U2  5 13 0.5 0 0 0 0 0 0 0 0 0 0.5 0 0 0 0 0 0 0 0 0 0.5 0 0 0 0 0 0 0 0 0 0.5 0
U2  5 12 0.5 0 0 0 0 0 0 0 0 0 0.5 0 0 0 0 0 0 0 0 0 0.5 0 0 0 0 0 0 0 0 0 0.5 0
U2  5 11 0.5 0 0 0 0 0 0 0 0 0 0.5 0 0 0 0 0 0 0 0 0 0.5 0 0 0 0 0 0 0 0 0 0.5 0
U2  5 10 0.5 0 0 0 0 0 0 0 0 0 0.5 0 0 0 0 0 0 0 0 0 0.5 0 0 0 0 0 0 0 0 0 0.5 0
U2  5 9 0.5 0 0 0 0 0 0 0 0 0 0.5 0 0 0 0 0 0 0 0 0 0.5 0 0 0 0 0 0 0 0 0 0.5 0
U2  5 8 0.5 0 0 0 0 0 0 0 0 0 0.5 0 0 0 0 0 0 0 0 0 0.5 0 0 0 0 0 0 0 0 0 0.5 0
U2  5 7 0.5 0 0 0 0 0 0 0 0 0 0.5 0 0 0 0 0 0 0 0 0 0.5 0 0 0 0 0 0 0 0 0 0.5 0
U2  5 6 0.5 0 0 0 0 0 0 0 0 0 0.5 0 0 0 0 0 0 0 0 0 0.5 0 0 0 0 0 0 0 0 0 0.5 0
H 5
U2  4 20 0.5 0 0 0 0 0 0 0 0 0 0.5 0 0 0 0 0 0 0 0 0 0.5 0 0 0 0 0 0 0 0 0 0.5 0
U2  4 19 0.5 0 0 0 0 0 0 0 0 0 0.5 0 0 0 0 0 0 0 0 0 0.5 0 0 0 0 0 0 0 0 0 0.5 0
U2  4 18 0.5 0 0 0 0 0 0 0 0 0 0.5 0 0 0 0 0 0 0 0 0 0.5 0 0 0 0 0 0 0 0 0 0.5 0
U2  4 17 0.5 0 0 0 0 0 0 0 0 0 0.5 0 0 0 0 0 0 0 0 0 0.5 0 0 0 0 0 0 0 0 0 0.5 0
U2  4 16 0.5 0 0 0 0 0 0 0 0 0 0.5 0 0 0 0 0 0 0 0 0 0.5 0 0 0 0 0 0 0 0 0 0.5 0
U2  4 15 0.5 0 0 0 0 0 0 0 0 0 0.5 0 0 0 0 0 0 0 0 0 0.5 0 0 0 0 0 0 0 0 0 0.5 0
U2  4 14 0.5 0 0 0 0 0 0 0 0 0 0.5 0 0 0 0 0 0 0 0 0 0.5 0 0 0 0 0 0 0 0 0 0.5 0
U2  4 13 0.5 0 0 0 0 0 0 0 0 0 0.5 0 0 0 0 0 0 0 0 0 0.5 0 0 0 0 0 0 0 0 0 0.5 0
U2  4 12 0.5 0 0 0 0 0 0 0 0 0 0.5 0 0 0 0 0 0 0 0 0 0.5 0 0 0 0 0 0 0 0 0 0.5 0
U2  4 11 0.5 0 0 0 0 0 0 0 0 0 0.5 0 0 0 0 0 0 0 0 0 0.5 0 0 0 0 0 0 0 0 0 0.5 0
U2  4 10 0.5 0 0 0 0 0 0 0 0 0 0.5 0 0 0 0 0 0 0 0 0 0.5 0 0 0 0 0 0 0 0 0 0.5 0
U2  4 9 0.5 0 0 0 0 0 0 0 0 0 0.5 0 0 0 0 0 0 0 0 0 0.5 0 0 0 0 0 0 0 0 0 0.5 0
U2  4 8 0.5 0 0 0 0 0 0 0 0 0 0.5 0 0 0 0 0 0 0 0 0 0.5 0 0 0 0 0 0 0 0 0 0.5 0
U2  4 7 0.5 0 0 0 0 0 0 0 0 0 0.5 0 0 0 0 0 0 0 0 0 0.5 0 0 0 0 0 0 0 0 0 0.5 0
U2  4 6 0.5 0 0 0 0 0 0 0 0 0 0.5 0 0 0 0 0 0 0 0 0 0.5 0 0 0 0 0 0 0 0 0 0.5 0
U2  4 5 0.5 0 0 0 0 0 0 0 0 0 0.5 0 0 0 0 0 0 0 0 0 0.5 0 0 0 0 0 0 0 0 0 0.5 0
H 4
U2  3 20 0.5 0 0 0 0 0 0 0 0 0 0.5 0 0 0 0 0 0 0 0 0 0.5 0 0 0 0 0 0 0 0 0 0.5 0
U2  3 19 0.5 0 0 0 0 0 0 0 0 0 0.5 0 0 0 0 0 0 0 0 0 0.5 0 0 0 0 0 0 0 0 0 0.5 0
U2  3 18 0.5 0 0 0 0 0 0 0 0 0 0.5 0 0 0 0 0 0 0 0 0 0.5 0 0 0 0 0 0 0 0 0 0.5 0
U2  3 17 0.5 0 0 0 0 0 0 0 0 0 0.5 0 0 0 0 0 0 0 0 0 0.5 0 0 0 0 0 0 0 0 0 0.5 0
U2  3 16 0.5 0 0 0 0 0 0 0 0 0 0.5 0 0 0 0 0 0 0 0 0 0.5 0 0 0 0 0 0 0 0 0 0.5 0
U2  3 15 0.5 0 0 0 0 0 0 0 0 0 0.5 0 0 0 0 0 0 0 0 0 0.5 0 0 0 0 0 0 0 0 0 0.5 0
U2  3 14 0.5 0 0 0 0 0 0 0 0 0 0.5 0 0 0 0 0 0 0 0 0 0.5 0 0 0 0 0 0 0 0 0 0.5 0
U2  3 13 0.5 0 0 0 0 0 0 0 0 0 0.5 0 0 0 0 0 0 0 0 0 0.5 0 0 0 0 0 0 0 0 0 0.5 0
U2  3 12 0.5 0 0 0 0 0 0 0 0 0 0.5 0 0 0 0 0 0 0 0 0 0.5 0 0 0 0 0 0 0 0 0 0.5 0
U2  3 11 0.5 0 0 0 0 0 0 0 0 0 0.5 0 0 0 0 0 0 0 0 0 0.5 0 0 0 0 0 0 0 0 0 0.5 0
U2  3 10 0.5 0 0 0 0 0 0 0 0 0 0.5 0 0 0 0 0 0 0 0 0 0.5 0 0 0 0 0 0 0 0 0 0.5 0
U2  3 9 0.5 0 0 0 0 0 0 0 0 0 0.5 0 0 0 0 0 0 0 0 0 0.5 0 0 0 0 0 0 0 0 0 0.5 0
U2  3 8 0.5 0 0 0 0 0 0 0 0 0 0.5 0 0 0 0 0 0 0 0 0 0.5 0 0 0 0 0 0 0 0 0 0.5 0
U2  3 7 0.5 0 0 0 0 0 0 0 0 0 0.5 0 0 0 0 0 0 0 0 0 0.5 0 0 0 0 0 0 0 0 0 0.5 0
U2  3 6 0.5 0 0 0 0 0 0 0 0 0 0.5 0 0 0 0 0 0 0 0 0 0.5 0 0 0 0 0 0 0 0 0 0.5 0
U2  3 5 0.5 0 0 0 0 0 0 0 0 0 0.5 0 0 0 0 0 0 0 0 0 0.5 0 0 0 0 0 0 0 0 0 0.5 0
U2  3 4 0.5 0 0 0 0 0 0 0 0 0 0.5 0 0 0 0 0 0 0 0 0 0.5 0 0 0 0 0 0 0 0 0 0.5 0
H 3
U2  2 20 0.5 0 0 0 0 0 0 0 0 0 0.5 0 0 0 0 0 0 0 0 0 0.5 0 0 0 0 0 0 0 0 0 0.5 0
U2  2 19 0.5 0 0 0 0 0 0 0 0 0 0.5 0 0 0 0 0 0 0 0 0 0.5 0 0 0 0 0 0 0 0 0 0.5 0
U2  2 18 0.5 0 0 0 0 0 0 0 0 0 0.5 0 0 0 0 0 0 0 0 0 0.5 0 0 0 0 0 0 0 0 0 0.5 0
U2  2 17 0.5 0 0 0 0 0 0 0 0 0 0.5 0 0 0 0 0 0 0 0 0 0.5 0 0 0 0 0 0 0 0 0 0.5 0
U2  2 16 0.5 0 0 0 0 0 0 0 0 0 0.5 0 0 0 0 0 0 0 0 0 0.5 0 0 0 0 0 0 0 0 0 0.5 0
U2  2 15 0.5 0 0 0 0 0 0 0 0 0 0.5 0 0 0 0 0 0 0 0 0 0.5 0 0 0 0 0 0 0 0 0 0.5 0
U2  2 14 0.5 0 0 0 0 0 0 0 0 0 0.5 0 0 0 0 0 0 0 0 0 0.5 0 0 0 0 0 0 0 0 0 0.5 0
U2  2 13 0.5 0 0 0 0 0 0 0 0 0 0.5 0 0 0 0 0 0 0 0 0 0.5 0 0 0 0 0 0 0 0 0 0.5 0
U2  2 12 0.5 0 0 0 0 0 0 0 0 0 0.5 0 0 0 0 0 0 0 0 0 0.5 0 0 0 0 0 0 0 0 0 0.5 0
U2  2 11 0.5 0 0 0 0 0 0 0 0 0 0.5 0 0 0 0 0 0 0 0 0 0.5 0 0 0 0 0 0 0 0 0 0.5 0
U2  2 10 0.5 0 0 0 0 0 0 0 0 0 0.5 0 0 0 0 0 0 0 0 0 0.5 0 0 0 0 0 0 0 0 0 0.5 0
U2  2 9 0.5 0 0 0 0 0 0 0 0 0 0.5 0 0 0 0 0 0 0 0 0 0.5 0 0 0 0 0 0 0 0 0 0.5 0
U2  2 8 0.5 0 0 0 0 0 0 0 0 0 0.5 0 0 0 0 0 0 0 0 0 0.5 0 0 0 0 0 0 0 0 0 0.5 0
U2  2 7 0.5 0 0 0 0 0 0 0 0 0 0.5 0 0 0 0 0 0 0 0 0 0.5 0 0 0 0 0 0 0 0 0 0.5 0
U2  2 6 0.5 0 0 0 0 0 0 0 0 0 0.5 0 0 0 0 0 0 0 0 0 0.5 0 0 0 0 0 0 0 0 0 0.5 0
U2  2 5 0.5 0 0 0 0 0 0 0 0 0 0.5 0 0 0 0 0 0 0 0 0 0.5 0 0 0 0 0 0 0 0 0 0.5 0
U2  2 4 0.5 0 0 0 0 0 0 0 0 0 0.5 0 0 0 0 0 0 0 0 0 0.5 0 0 0 0 0 0 0 0 0 0.5 0
U2  2 3 0.5 0 0 0 0 0 0 0 0 0 0.5 0 0 0 0 0 0 0 0 0 0.5 0 0 0 0 0 0 0 0 0 0.5 0
H 2
U2  1 20 0.5 0 0 0 0 0 0 0 0 0 0.5 0 0 0 0 0 0 0 0 0 0.5 0 0 0 0 0 0 0 0 0 0.5 0
U2  1 19 0.5 0 0 0 0 0 0 0 0 0 0.5 0 0 0 0 0 0 0 0 0 0.5 0 0 0 0 0 0 0 0 0 0.5 0
U2  1 18 0.5 0 0 0 0 0 0 0 0 0 0.5 0 0 0 0 0 0 0 0 0 0.5 0 0 0 0 0 0 0 0 0 0.5 0
U2  1 17 0.5 0 0 0 0 0 0 0 0 0 0.5 0 0 0 0 0 0 0 0 0 0.5 0 0 0 0 0 0 0 0 0 0.5 0
U2  1 16 0.5 0 0 0 0 0 0 0 0 0 0.5 0 0 0 0 0 0 0 0 0 0.5 0 0 0 0 0 0 0 0 0 0.5 0
U2  1 15 0.5 0 0 0 0 0 0 0 0 0 0.5 0 0 0 0 0 0 0 0 0 0.5 0 0 0 0 0 0 0 0 0 0.5 0
U2  1 14 0.5 0 0 0 0 0 0 0 0 0 0.5 0 0 0 0 0 0 0 0 0 0.5 0 0 0 0 0 0 0 0 0 0.5 0
U2  1 13 0.5 0 0 0 0 0 0 0 0 0 0.5 0 0 0 0 0 0 0 0 0 0.5 0 0 0 0 0 0 0 0 0 0.5 0
U2  1 12 0.5 0 0 0 0 0 0 0 0 0 0.5 0 0 0 0 0 0 0 0 0 0.5 0 0 0 0 0 0 0 0 0 0.5 0
U2  1 11 0.5 0 0 0 0 0 0 0 0 0 0.5 0 0 0 0 0 0 0 0 0 0.5 0 0 0 0 0 0 0 0 0 0.5 0
U2  1 10 0.5 0 0 0 0 0 0 0 0 0 0.5 0 0 0 0 0 0 0 0 0 0.5 0 0 0 0 0 0 0 0 0 0.5 0
U2  1 9 0.5 0 0 0 0 0 0 0 0 0 0.5 0 0 0 0 0 0 0 0 0 0.5 0 0 0 0 0 0 0 0 0 0.5 0
U2  1 8 0.5 0 0 0 0 0 0 0 0 0 0.5 0 0 0 0 0 0 0 0 0 0.5 0 0 0 0 0 0 0 0 0 0.5 0
U2  1 7 0.5 0 0 0 0 0 0 0 0 0 0.5 0 0 0 0 0 0 0 0 0 0.5 0 0 0 0 0 0 0 0 0 0.5 0
U2  1 6 0.5 0 0 0 0 0 0 0 0 0 0.5 0 0 0 0 0 0 0 0 0 0.5 0 0 0 0 0 0 0 0 0 0.5 0
U2  1 5 0.5 0 0 0 0 0 0 0 0 0 0.5 0 0 0 0 0 0 0 0 0 0.5 0 0 0 0 0 0 0 0 0 0.5 0
U2  1 4 0.5 0 0 0 0 0 0 0 0 0 0.5 0 0 0 0 0 0 0 0 0 0.5 0 0 0 0 0 0 0 0 0 0.5 0
U2  1 3 0.5 0 0 0 0 0 0 0 0 0 0.5 0 0 0 0 0 0 0 0 0 0.5 0 0 0 0 0 0 0 0 0 0.5 0
U2  1 2 0.5 0 0 0 0 0 0 0 0 0 0.5 0 0 0 0 0 0 0 0 0 0.5 0 0 0 0 0 0 0 0 0 0.5 0
H 1
U2  0 20 0.5 0 0 0 0 0 0 0 0 0 0.5 0 0 0 0 0 0 0 0 0 0.5 0 0 0 0 0 0 0 0 0 0.5 0
U2  0 19 0.5 0 0 0 0 0 0 0 0 0 0.5 0 0 0 0 0 0 0 0 0 0.5 0 0 0 0 0 0 0 0 0 0.5 0
U2  0 18 0.5 0 0 0 0 0 0 0 0 0 0.5 0 0 0 0 0 0 0 0 0 0.5 0 0 0 0 0 0 0 0 0 0.5 0
U2  0 17 0.5 0 0 0 0 0 0 0 0 0 0.5 0 0 0 0 0 0 0 0 0 0.5 0 0 0 0 0 0 0 0 0 0.5 0
U2  0 16 0.5 0 0 0 0 0 0 0 0 0 0.5 0 0 0 0 0 0 0 0 0 0.5 0 0 0 0 0 0 0 0 0 0.5 0
U2  0 15 0.5 0 0 0 0 0 0 0 0 0 0.5 0 0 0 0 0 0 0 0 0 0.5 0 0 0 0 0 0 0 0 0 0.5 0
U2  0 14 0.5 0 0 0 0 0 0 0 0 0 0.5 0 0 0 0 0 0 0 0 0 0.5 0 0 0 0 0 0 0 0 0 0.5 0
U2  0 13 0.5 0 0 0 0 0 0 0 0 0 0.5 0 0 0 0 0 0 0 0 0 0.5 0 0 0 0 0 0 0 0 0 0.5 0
U2  0 12 0.5 0 0 0 0 0 0 0 0 0 0.5 0 0 0 0 0 0 0 0 0 0.5 0 0 0 0 0 0 0 0 0 0.5 0
U2  0 11 0.5 0 0 0 0 0 0 0 0 0 0.5 0 0 0 0 0 0 0 0 0 0.5 0 0 0 0 0 0 0 0 0 0.5 0
U2  0 10 0.5 0 0 0 0 0 0 0 0 0 0.5 0 0 0 0 0 0 0 0 0 0.5 0 0 0 0 0 0 0 0 0 0.5 0
U2  0 9 0.5 0 0 0 0 0 0 0 0 0 0.5 0 0 0 0 0 0 0 0 0 0.5 0 0 0 0 0 0 0 0 0 0.5 0
U2  0 8 0.5 0 0 0 0 0 0 0 0 0 0.5 0 0 0 0 0 0 0 0 0 0.5 0 0 0 0 0 0 0 0 0 0.5 0
U2  0 7 0.5 0 0 0 0 0 0 0 0 0 0.5 0 0 0 0 0 0 0 0 0 0.5 0 0 0 0 0 0 0 0 0 0.5 0
U2  0 6 0.5 0 0 0 0 0 0 0 0 0 0.5 0 0 0 0 0 0 0 0 0 0.5 0 0 0 0 0 0 0 0 0 0.5 0
U2  0 5 0.5 0 0 0 0 0 0 0 0 0 0.5 0 0 0 0 0 0 0 0 0 0.5 0 0 0 0 0 0 0 0 0 0.5 0
U2  0 4 0.5 0 0 0 0 0 0 0 0 0 0.5 0 0 0 0 0 0 0 0 0 0.5 0 0 0 0 0 0 0 0 0 0.5 0
U2  0 3 0.5 0 0 0 0 0 0 0 0 0 0.5 0 0 0 0 0 0 0 0 0 0.5 0 0 0 0 0 0 0 0 0 0.5 0
U2  0 2 0.5 0 0 0 0 0 0 0 0 0 0.5 0 0 0 0 0 0 0 0 0 0.5 0 0 0 0 0 0 0 0 0 0.5 0
U2  0 1 0.5 0 0 0 0 0 0 0 0 0 0.5 0 0 0 0 0 0 0 0 0 0.5 0 0 0 0 0 0 0 0 0 0.5 0
H 0
