RZZ 0 1 3.141592653589793
RZZ 0 2 3.141592653589793
RZZ 0 3 3.141592653589793
RZZ 0 4 3.141592653589793
RZZ 0 5 3.141592653589793
RZZ 0 6 3.141592653589793
RZZ 0 7 3.141592653589793
RZZ 0 8 3.141592653589793
RZZ 0 9 3.141592653589793
RZZ 0 10 3.141592653589793
RZZ 0 11 3.141592653589793
RZZ 0 12 3.141592653589793
RZZ 0 13 3.141592653589793
RZZ 0 14 3.141592653589793
RZZ 0 15 3.141592653589793
RZZ 0 16 3.141592653589793
RZZ 0 17 3.141592653589793
RZZ 0 18 3.141592653589793
RZZ 0 19 3.141592653589793
RZZ 0 20 3.141592653589793
RZZ 0 21 3.141592653589793
RZZ 0 22 3.141592653589793
RZZ 0 23 3.141592653589793
RZZ 0 24 3.141592653589793
RZZ 0 25 3.141592653589793
RZZ 0 26 3.141592653589793
RZZ 0 27 3.141592653589793
RZZ 0 28 3.141592653589793
RZZ 0 29 3.141592653589793
