H 0
CZ 1 0 1.5707963267948966 0
CZ 2 0 0.7853981633974483 0
CZ 3 0 0.39269908169872414 0
CZ 4 0 0.19634954084936207 0
CZ 5 0 0.09817477042468103 0
CZ 6 0 0.04908738521234052 0
CZ 7 0 0.02454369260617026 0
CZ 8 0 0.01227184630308513 0
CZ 9 0 0.006135923151542565 0
CZ 10 0 0.0030679615757712823 0
CZ 11 0 0.0015339807878856412 0
CZ 12 0 0.0007669903939428206 0
CZ 13 0 0.0003834951969714103 0
CZ 14 0 0.00019174759848570515 0
CZ 15 0 9.587379924285257e-05 0
CZ 16 0 4.7936899621426287e-05 0
CZ 17 0 2.3968449810713143e-05 0
CZ 18 0 1.1984224905356572e-05 0
CZ 19 0 5.992112452678286e-06 0
CZ 20 0 2.996056226339143e-06 0
CZ 21 0 1.4980281131695715e-06 0
CZ 22 0 7.490140565847857e-07 0
CZ 23 0 3.7450702829239286e-07 0
CZ 24 0 1.8725351414619643e-07 0
H 1
CZ 2 1 1.5707963267948966 0
CZ 3 1 0.7853981633974483 0
CZ 4 1 0.39269908169872414 0
CZ 5 1 0.19634954084936207 0
CZ 6 1 0.09817477042468103 0
CZ 7 1 0.04908738521234052 0
CZ 8 1 0.02454369260617026 0
CZ 9 1 0.01227184630308513 0
CZ 10 1 0.006135923151542565 0
CZ 11 1 0.0030679615757712823 0
CZ 12 1 0.0015339807878856412 0
CZ 13 1 0.0007669903939428206 0
CZ 14 1 0.0003834951969714103 0
CZ 15 1 0.00019174759848570515 0
CZ 16 1 9.587379924285257e-05 0
CZ 17 1 4.7936899621426287e-05 0
CZ 18 1 2.3968449810713143e-05 0
CZ 19 1 1.1984224905356572e-05 0
CZ 20 1 5.992112452678286e-06 0
CZ 21 1 2.996056226339143e-06 0
CZ 22 1 1.4980281131695715e-06 0
CZ 23 1 7.490140565847857e-07 0
CZ 24 1 3.7450702829239286e-07 0
H 2
CZ 3 2 1.5707963267948966 0
CZ 4 2 0.7853981633974483 0
CZ 5 2 0.39269908169872414 0
CZ 6 2 0.19634954084936207 0
CZ 7 2 0.09817477042468103 0
CZ 8 2 0.04908738521234052 0
CZ 9 2 0.02454369260617026 0
CZ 10 2 0.01227184630308513 0
CZ 11 2 0.006135923151542565 0
CZ 12 2 0.0030679615757712823 0
CZ 13 2 0.0015339807878856412 0
CZ 14 2 0.0007669903939428206 0
CZ 15 2 0.0003834951969714103 0
CZ 16 2 0.00019174759848570515 0
CZ 17 2 9.587379924285257e-05 0
CZ 18 2 4.7936899621426287e-05 0
CZ 19 2 2.3968449810713143e-05 0
CZ 20 2 1.1984224905356572e-05 0
CZ 21 2 5.992112452678286e-06 0
CZ 22 2 2.996056226339143e-06 0
CZ 23 2 1.4980281131695715e-06 0
CZ 24 2 7.490140565847857e-07 0
H 3
CZ 4 3 1.5707963267948966 0
CZ 5 3 0.7853981633974483 0
CZ 6 3 0.39269908169872414 0
CZ 7 3 0.19634954084936207 0
CZ 8 3 0.09817477042468103 0
CZ 9 3 0.04908738521234052 0
CZ 10 3 0.02454369260617026 0
CZ 11 3 0.01227184630308513 0
CZ 12 3 0.006135923151542565 0
CZ 13 3 0.0030679615757712823 0
CZ 14 3 0.0015339807878856412 0
CZ 15 3 0.0007669903939428206 0
CZ 16 3 0.0003834951969714103 0
CZ 17 3 0.00019174759848570515 0
CZ 18 3 9.587379924285257e-05 0
CZ 19 3 4.7936899621426287e-05 0
CZ 20 3 2.3968449810713143e-05 0
CZ 21 3 1.1984224905356572e-05 0
CZ 22 3 5.992112452678286e-06 0
CZ 23 3 2.996056226339143e-06 0
CZ 24 3 1.4980281131695715e-06 0
H 4
CZ 5 4 1.5707963267948966 0
CZ 6 4 0.7853981633974483 0
CZ 7 4 0.39269908169872414 0
CZ 8 4 0.19634954084936207 0
CZ 9 4 0.09817477042468103 0
CZ 10 4 0.04908738521234052 0
CZ 11 4 0.02454369260617026 0
CZ 12 4 0.01227184630308513 0
CZ 13 4 0.006135923151542565 0
CZ 14 4 0.0030679615757712823 0
CZ 15 4 0.0015339807878856412 0
CZ 16 4 0.0007669903939428206 0
CZ 17 4 0.0003834951969714103 0
CZ 18 4 0.00019174759848570515 0
CZ 19 4 9.587379924285257e-05 0
CZ 20 4 4.7936899621426287e-05 0
CZ 21 4 2.3968449810713143e-05 0
CZ 22 4 1.1984224905356572e-05 0
CZ 23 4 5.992112452678286e-06 0
CZ 24 4 2.996056226339143e-06 0
H 5
CZ 6 5 1.5707963267948966 0
CZ 7 5 0.7853981633974483 0
CZ 8 5 0.39269908169872414 0
CZ 9 5 0.19634954084936207 0
CZ 10 5 0.09817477042468103 0
CZ 11 5 0.04908738521234052 0
CZ 12 5 0.02454369260617026 0
CZ 13 5 0.01227184630308513 0
CZ 14 5 0.006135923151542565 0
CZ 15 5 0.0030679615757712823 0
CZ 16 5 0.0015339807878856412 0
CZ 17 5 0.0007669903939428206 0
CZ 18 5 0.0003834951969714103 0
CZ 19 5 0.00019174759848570515 0
CZ 20 5 9.587379924285257e-05 0
CZ 21 5 4.7936899621426287e-05 0
CZ 22 5 2.3968449810713143e-05 0
CZ 23 5 1.1984224905356572e-05 0
CZ 24 5 5.992112452678286e-06 0
H 6
CZ 7 6 1.5707963267948966 0
CZ 8 6 0.7853981633974483 0
CZ 9 6 0.39269908169872414 0
CZ 10 6 0.19634954084936207 0
CZ 11 6 0.09817477042468103 0
CZ 12 6 0.04908738521234052 0
CZ 13 6 0.02454369260617026 0
CZ 14 6 0.01227184630308513 0
CZ 15 6 0.006135923151542565 0
CZ 16 6 0.0030679615757712823 0
CZ 17 6 0.0015339807878856412 0
CZ 18 6 0.0007669903939428206 0
CZ 19 6 0.0003834951969714103 0
CZ 20 6 0.00019174759848570515 0
CZ 21 6 9.587379924285257e-05 0
CZ 22 6 4.7936899621426287e-05 0
CZ 23 6 2.3968449810713143e-05 0
CZ 24 6 1.1984224905356572e-05 0
H 7
CZ 8 7 1.5707963267948966 0
CZ 9 7 0.7853981633974483 0
CZ 10 7 0.39269908169872414 0
CZ 11 7 0.19634954084936207 0
CZ 12 7 0.09817477042468103 0
CZ 13 7 0.04908738521234052 0
CZ 14 7 0.02454369260617026 0
CZ 15 7 0.01227184630308513 0
CZ 16 7 0.006135923151542565 0
CZ 17 7 0.0030679615757712823 0
CZ 18 7 0.0015339807878856412 0
CZ 19 7 0.0007669903939428206 0
CZ 20 7 0.0003834951969714103 0
CZ 21 7 0.00019174759848570515 0
CZ 22 7 9.587379924285257e-05 0
CZ 23 7 4.7936899621426287e-05 0
CZ 24 7 2.3968449810713143e-05 0
H 8
CZ 9 8 1.5707963267948966 0
CZ 10 8 0.7853981633974483 0
CZ 11 8 0.39269908169872414 0
CZ 12 8 0.19634954084936207 0
CZ 13 8 0.09817477042468103 0
CZ 14 8 0.04908738521234052 0
CZ 15 8 0.02454369260617026 0
CZ 16 8 0.01227184630308513 0
CZ 17 8 0.006135923151542565 0
CZ 18 8 0.0030679615757712823 0
CZ 19 8 0.0015339807878856412 0
CZ 20 8 0.0007669903939428206 0
CZ 21 8 0.0003834951969714103 0
CZ 22 8 0.00019174759848570515 0
CZ 23 8 9.587379924285257e-05 0
CZ 24 8 4.7936899621426287e-05 0
H 9
CZ 10 9 1.5707963267948966 0
CZ 11 9 0.7853981633974483 0
CZ 12 9 0.39269908169872414 0
CZ 13 9 0.19634954084936207 0
CZ 14 9 0.09817477042468103 0
CZ 15 9 0.04908738521234052 0
CZ 16 9 0.02454369260617026 0
CZ 17 9 0.01227184630308513 0
CZ 18 9 0.006135923151542565 0
CZ 19 9 0.0030679615757712823 0
CZ 20 9 0.0015339807878856412 0
CZ 21 9 0.0007669903939428206 0
CZ 22 9 0.0003834951969714103 0
CZ 23 9 0.00019174759848570515 0
CZ 24 9 9.587379924285257e-05 0
H 10
CZ 11 10 1.5707963267948966 0
CZ 12 10 0.7853981633974483 0
CZ 13 10 0.39269908169872414 0
CZ 14 10 0.19634954084936207 0
CZ 15 10 0.09817477042468103 0
CZ 16 10 0.04908738521234052 0
CZ 17 10 0.02454369260617026 0
CZ 18 10 0.01227184630308513 0
CZ 19 10 0.006135923151542565 0
CZ 20 10 0.0030679615757712823 0
CZ 21 10 0.0015339807878856412 0
CZ 22 10 0.0007669903939428206 0
CZ 23 10 0.0003834951969714103 0
CZ 24 10 0.00019174759848570515 0
H 11
CZ 12 11 1.5707963267948966 0
CZ 13 11 0.7853981633974483 0
CZ 14 11 0.39269908169872414 0
CZ 15 11 0.19634954084936207 0
CZ 16 11 0.09817477042468103 0
CZ 17 11 0.04908738521234052 0
CZ 18 11 0.02454369260617026 0
CZ 19 11 0.01227184630308513 0
CZ 20 11 0.006135923151542565 0
CZ 21 11 0.0030679615757712823 0
CZ 22 11 0.0015339807878856412 0
CZ 23 11 0.0007669903939428206 0
CZ 24 11 0.0003834951969714103 0
H 12
CZ 13 12 1.5707963267948966 0
CZ 14 12 0.7853981633974483 0
CZ 15 12 0.39269908169872414 0
CZ 16 12 0.19634954084936207 0
CZ 17 12 0.09817477042468103 0
CZ 18 12 0.04908738521234052 0
CZ 19 12 0.02454369260617026 0
CZ 20 12 0.01227184630308513 0
CZ 21 12 0.006135923151542565 0
CZ 22 12 0.0030679615757712823 0
CZ 23 12 0.0015339807878856412 0
CZ 24 12 0.0007669903939428206 0
H 13
CZ 14 13 1.5707963267948966 0
CZ 15 13 0.7853981633974483 0
CZ 16 13 0.39269908169872414 0
CZ 17 13 0.19634954084936207 0
CZ 18 13 0.09817477042468103 0
CZ 19 13 0.04908738521234052 0
CZ 20 13 0.02454369260617026 0
CZ 21 13 0.01227184630308513 0
CZ 22 13 0.006135923151542565 0
CZ 23 13 0.0030679615757712823 0
CZ 24 13 0.0015339807878856412 0
H 14
CZ 15 14 1.5707963267948966 0
CZ 16 14 0.7853981633974483 0
CZ 17 14 0.39269908169872414 0
CZ 18 14 0.19634954084936207 0
CZ 19 14 0.09817477042468103 0
CZ 20 14 0.04908738521234052 0
CZ 21 14 0.02454369260617026 0
CZ 22 14 0.01227184630308513 0
CZ 23 14 0.006135923151542565 0
CZ 24 14 0.0030679615757712823 0
H 15
CZ 16 15 1.5707963267948966 0
CZ 17 15 0.7853981633974483 0
CZ 18 15 0.39269908169872414 0
CZ 19 15 0.19634954084936207 0
CZ 20 15 0.09817477042468103 0
CZ 21 15 0.04908738521234052 0
CZ 22 15 0.02454369260617026 0
CZ 23 15 0.01227184630308513 0
CZ 24 15 0.006135923151542565 0
H 16
CZ 17 16 1.5707963267948966 0
CZ 18 16 0.7853981633974483 0
CZ 19 16 0.39269908169872414 0
CZ 20 16 0.19634954084936207 0
CZ 21 16 0.09817477042468103 0
CZ 22 16 0.04908738521234052 0
CZ 23 16 0.02454369260617026 0
CZ 24 16 0.01227184630308513 0
H 17
CZ 18 17 1.5707963267948966 0
CZ 19 17 0.7853981633974483 0
CZ 20 17 0.39269908169872414 0
CZ 21 17 0.19634954084936207 0
CZ 22 17 0.09817477042468103 0
CZ 23 17 0.04908738521234052 0
CZ 24 17 0.02454369260617026 0
H 18
CZ 19 18 1.5707963267948966 0
CZ 20 18 0.7853981633974483 0
CZ 21 18 0.39269908169872414 0
CZ 22 18 0.19634954084936207 0
CZ 23 18 0.09817477042468103 0
CZ 24 18 0.04908738521234052 0
H 19
CZ 20 19 1.5707963267948966 0
CZ 21 19 0.7853981633974483 0
CZ 22 19 0.39269908169872414 0
CZ 23 19 0.19634954084936207 0
CZ 24 19 0.09817477042468103 0
H 20
CZ 21 20 1.5707963267948966 0
CZ 22 20 0.7853981633974483 0
CZ 23 20 0.39269908169872414 0
CZ 24 20 0.19634954084936207 0
H 21
CZ 22 21 1.5707963267948966 0
CZ 23 21 0.7853981633974483 0
CZ 24 21 0.39269908169872414 0
H 22
CZ 23 22 1.5707963267948966 0
CZ 24 22 0.7853981633974483 0
H 23
CZ 24 23 1.5707963267948966 0
H 24
CZ 0 24
CZ 1 23
CZ 2 22
CZ 3 21
CZ 4 20
CZ 5 19
CZ 6 18
CZ 7 17
CZ 8 16
CZ 9 15
CZ 10 14
CZ 11 13
