78
H 0
H 1
H 2
H 3
H 4
H 5
H 6
H 7
H 8
H 9
H 10
H 11
RZZ 0 1 3.141592653589793
RZZ 0 2 3.141592653589793
RZZ 0 3 3.141592653589793
RZZ 0 4 3.141592653589793
RZZ 0 5 3.141592653589793
RZZ 0 6 3.141592653589793
RZZ 0 7 3.141592653589793
RZZ 0 8 3.141592653589793
RZZ 0 9 3.141592653589793
RZZ 0 10 3.141592653589793
RZZ 0 11 3.141592653589793
RZZ 1 2 3.141592653589793
RZZ 1 3 3.141592653589793
RZZ 1 4 3.141592653589793
RZZ 1 5 3.141592653589793
RZZ 1 6 3.141592653589793
RZZ 1 7 3.141592653589793
RZZ 1 8 3.141592653589793
RZZ 1 9 3.141592653589793
RZZ 1 10 3.141592653589793
RZZ 1 11 3.141592653589793
RZZ 2 3 3.141592653589793
RZZ 2 4 3.141592653589793
RZZ 2 5 3.141592653589793
RZZ 2 6 3.141592653589793
RZZ 2 7 3.141592653589793
RZZ 2 8 3.141592653589793
RZZ 2 9 3.141592653589793
RZZ 2 10 3.141592653589793
RZZ 2 11 3.141592653589793
RZZ 3 4 3.141592653589793
RZZ 3 5 3.141592653589793
RZZ 3 6 3.141592653589793
RZZ 3 7 3.141592653589793
RZZ 3 8 3.141592653589793
RZZ 3 9 3.141592653589793
RZZ 3 10 3.141592653589793
RZZ 3 11 3.141592653589793
RZZ 4 5 3.141592653589793
RZZ 4 6 3.141592653589793
RZZ 4 7 3.141592653589793
RZZ 4 8 3.141592653589793
RZZ 4 9 3.141592653589793
RZZ 4 10 3.141592653589793
RZZ 4 11 3.141592653589793
RZZ 5 6 3.141592653589793
RZZ 5 7 3.141592653589793
RZZ 5 8 3.141592653589793
RZZ 5 9 3.141592653589793
RZZ 5 10 3.141592653589793
RZZ 5 11 3.141592653589793
RZZ 6 7 3.141592653589793
RZZ 6 8 3.141592653589793
RZZ 6 9 3.141592653589793
RZZ 6 10 3.141592653589793
RZZ 6 11 3.141592653589793
RZZ 7 8 3.141592653589793
RZZ 7 9 3.141592653589793
RZZ 7 10 3.141592653589793
RZZ 7 11 3.141592653589793
RZZ 8 9 3.141592653589793
RZZ 8 10 3.141592653589793
RZZ 8 11 3.141592653589793
RZZ 9 10 3.141592653589793
RZZ 9 11 3.141592653589793
RZZ 10 11 3.141592653589793
42
H 6
H 7
H 8
H 9
H 10
H 11
RZZ 0 6 3.141592653589793
RZZ 0 7 3.141592653589793
RZZ 0 8 3.141592653589793
RZZ 0 9 3.141592653589793
RZZ 0 10 3.141592653589793
RZZ 0 11 3.141592653589793
RZZ 1 6 3.141592653589793
RZZ 1 7 3.141592653589793
RZZ 1 8 3.141592653589793
RZZ 1 9 3.141592653589793
RZZ 1 10 3.141592653589793
RZZ 1 11 3.141592653589793
RZZ 2 6 3.141592653589793
RZZ 2 7 3.141592653589793
RZZ 2 8 3.141592653589793
RZZ 2 9 3.141592653589793
RZZ 2 10 3.141592653589793
RZZ 2 11 3.141592653589793
RZZ 3 6 3.141592653589793
RZZ 3 7 3.141592653589793
RZZ 3 8 3.141592653589793
RZZ 3 9 3.141592653589793
RZZ 3 10 3.141592653589793
RZZ 3 11 3.141592653589793
RZZ 4 6 3.141592653589793
RZZ 4 7 3.141592653589793
RZZ 4 8 3.141592653589793
RZZ 4 9 3.141592653589793
RZZ 4 10 3.141592653589793
RZZ 4 11 3.141592653589793
RZZ 5 6 3.141592653589793
RZZ 5 7 3.141592653589793
RZZ 5 8 3.141592653589793
RZZ 5 9 3.141592653589793
RZZ 5 10 3.141592653589793
RZZ 5 11 3.141592653589793
51
RZZ 0 6 3.141592653589793
RZZ 0 7 3.141592653589793
RZZ 0 8 3.141592653589793
RZZ 0 9 3.141592653589793
RZZ 0 10 3.141592653589793
RZZ 0 11 3.141592653589793
RZZ 1 6 3.141592653589793
RZZ 1 7 3.141592653589793
RZZ 1 8 3.141592653589793
RZZ 1 9 3.141592653589793
RZZ 1 10 3.141592653589793
RZZ 1 11 3.141592653589793
RZZ 2 6 3.141592653589793
RZZ 2 7 3.141592653589793
RZZ 2 8 3.141592653589793
RZZ 2 9 3.141592653589793
RZZ 2 10 3.141592653589793
RZZ 2 11 3.141592653589793
RZZ 3 6 3.141592653589793
RZZ 3 7 3.141592653589793
RZZ 3 8 3.141592653589793
RZZ 3 9 3.141592653589793
RZZ 3 10 3.141592653589793
RZZ 3 11 3.141592653589793
RZZ 4 6 3.141592653589793
RZZ 4 7 3.141592653589793
RZZ 4 8 3.141592653589793
RZZ 4 9 3.141592653589793
RZZ 4 10 3.141592653589793
RZZ 4 11 3.141592653589793
RZZ 5 6 3.141592653589793
RZZ 5 7 3.141592653589793
RZZ 5 8 3.141592653589793
RZZ 5 9 3.141592653589793
RZZ 5 10 3.141592653589793
RZZ 5 11 3.141592653589793
RZZ 6 7 3.141592653589793
RZZ 6 8 3.141592653589793
RZZ 6 9 3.141592653589793
RZZ 6 10 3.141592653589793
RZZ 6 11 3.141592653589793
RZZ 7 8 3.141592653589793
RZZ 7 9 3.141592653589793
RZZ 7 10 3.141592653589793
RZZ 7 11 3.141592653589793
RZZ 8 9 3.141592653589793
RZZ 8 10 3.141592653589793
RZZ 8 11 3.141592653589793
RZZ 9 10 3.141592653589793
RZZ 9 11 3.141592653589793
RZZ 10 11 3.141592653589793
42
H 6
H 7
H 8
H 9
H 10
H 11
RZZ 0 6 3.141592653589793
RZZ 0 7 3.141592653589793
RZZ 0 8 3.141592653589793
RZZ 0 9 3.141592653589793
RZZ 0 10 3.141592653589793
RZZ 0 11 3.141592653589793
RZZ 1 6 3.141592653589793
RZZ 1 7 3.141592653589793
RZZ 1 8 3.141592653589793
RZZ 1 9 3.141592653589793
RZZ 1 10 3.141592653589793
RZZ 1 11 3.141592653589793
RZZ 2 6 3.141592653589793
RZZ 2 7 3.141592653589793
RZZ 2 8 3.141592653589793
RZZ 2 9 3.141592653589793
RZZ 2 10 3.141592653589793
RZZ 2 11 3.141592653589793
RZZ 3 6 3.141592653589793
RZZ 3 7 3.141592653589793
RZZ 3 8 3.141592653589793
RZZ 3 9 3.141592653589793
RZZ 3 10 3.141592653589793
RZZ 3 11 3.141592653589793
RZZ 4 6 3.141592653589793
RZZ 4 7 3.141592653589793
RZZ 4 8 3.141592653589793
RZZ 4 9 3.141592653589793
RZZ 4 10 3.141592653589793
RZZ 4 11 3.141592653589793
RZZ 5 6 3.141592653589793
RZZ 5 7 3.141592653589793
RZZ 5 8 3.141592653589793
RZZ 5 9 3.141592653589793
RZZ 5 10 3.141592653589793
RZZ 5 11 3.141592653589793
63
H 6
H 7
H 8
H 9
H 10
H 11
RZZ 0 6 3.141592653589793
RZZ 0 7 3.141592653589793
RZZ 0 8 3.141592653589793
RZZ 0 9 3.141592653589793
RZZ 0 10 3.141592653589793
RZZ 0 11 3.141592653589793
RZZ 1 6 3.141592653589793
RZZ 1 7 3.141592653589793
RZZ 1 8 3.141592653589793
RZZ 1 9 3.141592653589793
RZZ 1 10 3.141592653589793
RZZ 1 11 3.141592653589793
RZZ 2 6 3.141592653589793
RZZ 2 7 3.141592653589793
RZZ 2 8 3.141592653589793
RZZ 2 9 3.141592653589793
RZZ 2 10 3.141592653589793
RZZ 2 11 3.141592653589793
RZZ 3 6 3.141592653589793
RZZ 3 7 3.141592653589793
RZZ 3 8 3.141592653589793
RZZ 3 9 3.141592653589793
RZZ 3 10 3.141592653589793
RZZ 3 11 3.141592653589793
RZZ 4 6 3.141592653589793
RZZ 4 7 3.141592653589793
RZZ 4 8 3.141592653589793
RZZ 4 9 3.141592653589793
RZZ 4 10 3.141592653589793
RZZ 4 11 3.141592653589793
RZZ 5 6 3.141592653589793
RZZ 5 7 3.141592653589793
RZZ 5 8 3.141592653589793
RZZ 5 9 3.141592653589793
RZZ 5 10 3.141592653589793
RZZ 5 11 3.141592653589793
RX 0 3.141592653589793
RX 1 3.141592653589793
RX 2 3.141592653589793
RX 3 3.141592653589793
RX 4 3.141592653589793
RX 5 3.141592653589793
RZZ 0 1 3.141592653589793
RZZ 0 2 3.141592653589793
RZZ 0 3 3.141592653589793
RZZ 0 4 3.141592653589793
RZZ 0 5 3.141592653589793
RZZ 1 2 3.141592653589793
RZZ 1 3 3.141592653589793
RZZ 1 4 3.141592653589793
RZZ 1 5 3.141592653589793
RZZ 2 3 3.141592653589793
RZZ 2 4 3.141592653589793
RZZ 2 5 3.141592653589793
RZZ 3 4 3.141592653589793
RZZ 3 5 3.141592653589793
RZZ 4 5 3.141592653589793
36
RZZ 0 6 3.141592653589793
RZZ 0 7 3.141592653589793
RZZ 0 8 3.141592653589793
RZZ 0 9 3.141592653589793
RZZ 0 10 3.141592653589793
RZZ 0 11 3.141592653589793
RZZ 1 6 3.141592653589793
RZZ 1 7 3.141592653589793
RZZ 1 8 3.141592653589793
RZZ 1 9 3.141592653589793
RZZ 1 10 3.141592653589793
RZZ 1 11 3.141592653589793
RZZ 2 6 3.141592653589793
RZZ 2 7 3.141592653589793
RZZ 2 8 3.141592653589793
RZZ 2 9 3.141592653589793
RZZ 2 10 3.141592653589793
RZZ 2 11 3.141592653589793
RZZ 3 6 3.141592653589793
RZZ 3 7 3.141592653589793
RZZ 3 8 3.141592653589793
RZZ 3 9 3.141592653589793
RZZ 3 10 3.141592653589793
RZZ 3 11 3.141592653589793
RZZ 4 6 3.141592653589793
RZZ 4 7 3.141592653589793
RZZ 4 8 3.141592653589793
RZZ 4 9 3.141592653589793
RZZ 4 10 3.141592653589793
RZZ 4 11 3.141592653589793
RZZ 5 6 3.141592653589793
RZZ 5 7 3.141592653589793
RZZ 5 8 3.141592653589793
RZZ 5 9 3.141592653589793
RZZ 5 10 3.141592653589793
RZZ 5 11 3.141592653589793
51
RZZ 0 6 3.141592653589793
RZZ 0 7 3.141592653589793
RZZ 0 8 3.141592653589793
RZZ 0 9 3.141592653589793
RZZ 0 10 3.141592653589793
RZZ 0 11 3.141592653589793
RZZ 1 6 3.141592653589793
RZZ 1 7 3.141592653589793
RZZ 1 8 3.141592653589793
RZZ 1 9 3.141592653589793
RZZ 1 10 3.141592653589793
RZZ 1 11 3.141592653589793
RZZ 2 6 3.141592653589793
RZZ 2 7 3.141592653589793
RZZ 2 8 3.141592653589793
RZZ 2 9 3.141592653589793
RZZ 2 10 3.141592653589793
RZZ 2 11 3.141592653589793
RZZ 3 6 3.141592653589793
RZZ 3 7 3.141592653589793
RZZ 3 8 3.141592653589793
RZZ 3 9 3.141592653589793
RZZ 3 10 3.141592653589793
RZZ 3 11 3.141592653589793
RZZ 4 6 3.141592653589793
RZZ 4 7 3.141592653589793
RZZ 4 8 3.141592653589793
RZZ 4 9 3.141592653589793
RZZ 4 10 3.141592653589793
RZZ 4 11 3.141592653589793
RZZ 5 6 3.141592653589793
RZZ 5 7 3.141592653589793
RZZ 5 8 3.141592653589793
RZZ 5 9 3.141592653589793
RZZ 5 10 3.141592653589793
RZZ 5 11 3.141592653589793
RZZ 6 7 3.141592653589793
RZZ 6 8 3.141592653589793
RZZ 6 9 3.141592653589793
RZZ 6 10 3.141592653589793
RZZ 6 11 3.141592653589793
RZZ 7 8 3.141592653589793
RZZ 7 9 3.141592653589793
RZZ 7 10 3.141592653589793
RZZ 7 11 3.141592653589793
RZZ 8 9 3.141592653589793
RZZ 8 10 3.141592653589793
RZZ 8 11 3.141592653589793
RZZ 9 10 3.141592653589793
RZZ 9 11 3.141592653589793
RZZ 10 11 3.141592653589793
40
RZZ 1 6 3.141592653589793
RZZ 1 7 3.141592653589793
RZZ 1 8 3.141592653589793
RZZ 1 9 3.141592653589793
RZZ 1 10 3.141592653589793
RZZ 1 11 3.141592653589793
RZZ 2 6 3.141592653589793
RZZ 2 7 3.141592653589793
RZZ 2 8 3.141592653589793
RZZ 2 9 3.141592653589793
RZZ 2 10 3.141592653589793
RZZ 2 11 3.141592653589793
RZZ 3 6 3.141592653589793
RZZ 3 7 3.141592653589793
RZZ 3 8 3.141592653589793
RZZ 3 9 3.141592653589793
RZZ 3 10 3.141592653589793
RZZ 3 11 3.141592653589793
RZZ 4 6 3.141592653589793
RZZ 4 7 3.141592653589793
RZZ 4 8 3.141592653589793
RZZ 4 9 3.141592653589793
RZZ 4 10 3.141592653589793
RZZ 4 11 3.141592653589793
RZZ 5 6 3.141592653589793
RZZ 5 7 3.141592653589793
RZZ 5 8 3.141592653589793
RZZ 5 9 3.141592653589793
RZZ 5 10 3.141592653589793
RZZ 5 11 3.141592653589793
RX 1 3.141592653589793
RX 2 3.141592653589793
RX 3 3.141592653589793
RX 4 3.141592653589793
RX 5 3.141592653589793
RZZ 0 1 3.141592653589793
RZZ 0 2 3.141592653589793
RZZ 0 3 3.141592653589793
RZZ 0 4 3.141592653589793
RZZ 0 5 3.141592653589793
40
RZZ 5 6 3.141592653589793
RZZ 5 7 3.141592653589793
RZZ 5 8 3.141592653589793
RZZ 5 9 3.141592653589793
RZZ 5 10 3.141592653589793
RZZ 5 11 3.141592653589793
RZZ 1 6 3.141592653589793
RZZ 1 7 3.141592653589793
RZZ 1 8 3.141592653589793
RZZ 1 9 3.141592653589793
RZZ 1 10 3.141592653589793
RZZ 1 11 3.141592653589793
RZZ 2 6 3.141592653589793
RZZ 2 7 3.141592653589793
RZZ 2 8 3.141592653589793
RZZ 2 9 3.141592653589793
RZZ 2 10 3.141592653589793
RZZ 2 11 3.141592653589793
RZZ 3 6 3.141592653589793
RZZ 3 7 3.141592653589793
RZZ 3 8 3.141592653589793
RZZ 3 9 3.141592653589793
RZZ 3 10 3.141592653589793
RZZ 3 11 3.141592653589793
RZZ 4 6 3.141592653589793
RZZ 4 7 3.141592653589793
RZZ 4 8 3.141592653589793
RZZ 4 9 3.141592653589793
RZZ 4 10 3.141592653589793
RZZ 4 11 3.141592653589793
RX 5 3.141592653589793
RX 1 3.141592653589793
RX 2 3.141592653589793
RX 3 3.141592653589793
RX 4 3.141592653589793
RZZ 0 5 3.141592653589793
RZZ 0 1 3.141592653589793
RZZ 0 2 3.141592653589793
RZZ 0 3 3.141592653589793
RZZ 0 4 3.141592653589793
56
RZZ 0 2 3.141592653589793
RZZ 0 8 3.141592653589793
RZZ 0 9 3.141592653589793
RZZ 0 10 3.141592653589793
RZZ 0 11 3.141592653589793
RZZ 0 5 3.141592653589793
RZZ 0 1 3.141592653589793
RZZ 2 3 3.141592653589793
RZZ 2 8 3.141592653589793
RZZ 2 9 3.141592653589793
RZZ 2 10 3.141592653589793
RZZ 2 11 3.141592653589793
RZZ 2 5 3.141592653589793
RZZ 1 2 3.141592653589793
RZZ 3 4 3.141592653589793
RZZ 3 8 3.141592653589793
RZZ 3 9 3.141592653589793
RZZ 3 10 3.141592653589793
RZZ 3 11 3.141592653589793
RZZ 3 5 3.141592653589793
RZZ 2 3 3.141592653589793
RZZ 4 6 3.141592653589793
RZZ 4 8 3.141592653589793
RZZ 4 9 3.141592653589793
RZZ 4 10 3.141592653589793
RZZ 4 11 3.141592653589793
RZZ 4 5 3.141592653589793
RZZ 3 4 3.141592653589793
RZZ 6 7 3.141592653589793
RZZ 6 8 3.141592653589793
RZZ 6 9 3.141592653589793
RZZ 6 10 3.141592653589793
RZZ 6 11 3.141592653589793
RZZ 5 6 3.141592653589793
RZZ 4 5 3.141592653589793
RZZ 7 8 3.141592653589793
RZZ 7 9 3.141592653589793
RZZ 7 10 3.141592653589793
RZZ 7 11 3.141592653589793
RZZ 6 7 3.141592653589793
RZZ 5 6 3.141592653589793
RZZ 8 9 3.141592653589793
RZZ 8 10 3.141592653589793
RZZ 8 11 3.141592653589793
RZZ 7 8 3.141592653589793
RZZ 6 7 3.141592653589793
RZZ 9 10 3.141592653589793
RZZ 9 11 3.141592653589793
RZZ 8 9 3.141592653589793
RZZ 7 8 3.141592653589793
RZZ 10 11 3.141592653589793
RZZ 9 10 3.141592653589793
RZZ 8 9 3.141592653589793
RZZ 10 11 3.141592653589793
RZZ 9 10 3.141592653589793
RZZ 10 11 3.141592653589793
40
RZZ 1 6 3.141592653589793
RZZ 1 2 3.141592653589793
RZZ 1 3 3.141592653589793
RZZ 1 4 3.141592653589793
RZZ 1 5 3.141592653589793
RZZ 1 8 3.141592653589793
RZZ 6 7 3.141592653589793
RZZ 2 6 3.141592653589793
RZZ 2 3 3.141592653589793
RZZ 2 4 3.141592653589793
RZZ 2 5 3.141592653589793
RZZ 2 8 3.141592653589793
RZZ 7 9 3.141592653589793
RZZ 6 7 3.141592653589793
RZZ 3 6 3.141592653589793
RZZ 3 4 3.141592653589793
RZZ 3 5 3.141592653589793
RZZ 3 8 3.141592653589793
RZZ 9 10 3.141592653589793
RZZ 7 9 3.141592653589793
RZZ 6 7 3.141592653589793
RZZ 4 6 3.141592653589793
RZZ 4 5 3.141592653589793
RZZ 4 8 3.141592653589793
RZZ 10 11 3.141592653589793
RZZ 9 10 3.141592653589793
RZZ 7 9 3.141592653589793
RZZ 6 7 3.141592653589793
RZZ 5 6 3.141592653589793
RZZ 5 8 3.141592653589793
RX 1 3.141592653589793
RX 2 3.141592653589793
RX 3 3.141592653589793
RX 4 3.141592653589793
RX 5 3.141592653589793
RZZ 0 1 3.141592653589793
RZZ 0 2 3.141592653589793
RZZ 0 3 3.141592653589793
RZZ 0 4 3.141592653589793
RZZ 0 5 3.141592653589793
53
RZZ 3 11 3.141592653589793
RZZ 3 10 3.141592653589793
RZZ 3 9 3.141592653589793
RZZ 3 7 3.141592653589793
RZZ 3 6 3.141592653589793
RZZ 3 8 3.141592653589793
RZZ 4 11 3.141592653589793
RZZ 4 10 3.141592653589793
RZZ 4 9 3.141592653589793
RZZ 4 7 3.141592653589793
RZZ 4 6 3.141592653589793
RZZ 4 8 3.141592653589793
RZZ 5 11 3.141592653589793
RZZ 5 10 3.141592653589793
RZZ 5 9 3.141592653589793
RZZ 5 7 3.141592653589793
RZZ 5 6 3.141592653589793
RZZ 5 8 3.141592653589793
RZZ 10 11 3.141592653589793
RZZ 9 10 3.141592653589793
RZZ 7 9 3.141592653589793
RZZ 6 7 3.141592653589793
RZZ 6 8 3.141592653589793
RZZ 10 11 3.141592653589793
RZZ 9 10 3.141592653589793
RZZ 7 9 3.141592653589793
RZZ 7 8 3.141592653589793
RZZ 10 11 3.141592653589793
RZZ 9 10 3.141592653589793
RZZ 8 9 3.141592653589793
RZZ 10 11 3.141592653589793
RZZ 9 10 3.141592653589793
RZZ 10 11 3.141592653589793
RX 3 3.141592653589793
RX 4 3.141592653589793
RX 5 3.141592653589793
RX 6 3.141592653589793
RX 7 3.141592653589793
RX 8 3.141592653589793
RX 9 3.141592653589793
RX 10 3.141592653589793
RX 11 3.141592653589793
RZZ 0 3 3.141592653589793
RZZ 0 4 3.141592653589793
RZZ 0 5 3.141592653589793
RZZ 0 6 3.141592653589793
RZZ 0 7 3.141592653589793
RZZ 0 8 3.141592653589793
RZZ 0 9 3.141592653589793
RZZ 0 10 3.141592653589793
RZZ 0 11 3.141592653589793
RZZ 1 2 3.141592653589793
RX 0 3.141592653589793
35
RZZ 1 4 3.141592653589793
RZZ 1 5 3.141592653589793
RZZ 0 1 3.141592653589793
RZZ 0 3 3.141592653589793
RZZ 0 11 3.141592653589793
RZZ 2 6 3.141592653589793
RZZ 2 4 3.141592653589793
RZZ 2 5 3.141592653589793
RZZ 1 2 3.141592653589793
RZZ 1 3 3.141592653589793
RZZ 1 11 3.141592653589793
RZZ 6 7 3.141592653589793
RZZ 4 6 3.141592653589793
RZZ 4 5 3.141592653589793
RZZ 2 4 3.141592653589793
RZZ 2 3 3.141592653589793
RZZ 2 11 3.141592653589793
RZZ 7 8 3.141592653589793
RZZ 6 7 3.141592653589793
RZZ 5 6 3.141592653589793
RZZ 4 5 3.141592653589793
RZZ 3 4 3.141592653589793
RZZ 3 11 3.141592653589793
RZZ 8 9 3.141592653589793
RZZ 7 8 3.141592653589793
RZZ 6 7 3.141592653589793
RZZ 5 6 3.141592653589793
RZZ 4 5 3.141592653589793
RZZ 4 11 3.141592653589793
RZZ 9 10 3.141592653589793
RZZ 8 9 3.141592653589793
RZZ 7 8 3.141592653589793
RZZ 6 7 3.141592653589793
RZZ 5 6 3.141592653589793
RZZ 5 11 3.141592653589793
51
RZZ 0 10 3.141592653589793
RZZ 0 9 3.141592653589793
RZZ 0 8 3.141592653589793
RZZ 0 7 3.141592653589793
RZZ 0 6 3.141592653589793
RZZ 0 11 3.141592653589793
RZZ 1 10 3.141592653589793
RZZ 1 9 3.141592653589793
RZZ 1 8 3.141592653589793
RZZ 1 7 3.141592653589793
RZZ 1 6 3.141592653589793
RZZ 1 11 3.141592653589793
RZZ 2 10 3.141592653589793
RZZ 2 9 3.141592653589793
RZZ 2 8 3.141592653589793
RZZ 2 7 3.141592653589793
RZZ 2 6 3.141592653589793
RZZ 2 11 3.141592653589793
RZZ 3 10 3.141592653589793
RZZ 3 9 3.141592653589793
RZZ 3 8 3.141592653589793
RZZ 3 7 3.141592653589793
RZZ 3 6 3.141592653589793
RZZ 3 11 3.141592653589793
RZZ 4 10 3.141592653589793
RZZ 4 9 3.141592653589793
RZZ 4 8 3.141592653589793
RZZ 4 7 3.141592653589793
RZZ 4 6 3.141592653589793
RZZ 4 11 3.141592653589793
RZZ 5 10 3.141592653589793
RZZ 5 9 3.141592653589793
RZZ 5 8 3.141592653589793
RZZ 5 7 3.141592653589793
RZZ 5 6 3.141592653589793
RZZ 5 11 3.141592653589793
RZZ 9 10 3.141592653589793
RZZ 8 9 3.141592653589793
RZZ 7 8 3.141592653589793
RZZ 6 7 3.141592653589793
RZZ 6 11 3.141592653589793
RZZ 9 10 3.141592653589793
RZZ 8 9 3.141592653589793
RZZ 7 8 3.141592653589793
RZZ 7 11 3.141592653589793
RZZ 9 10 3.141592653589793
RZZ 8 9 3.141592653589793
RZZ 8 11 3.141592653589793
RZZ 9 10 3.141592653589793
RZZ 9 11 3.141592653589793
RZZ 10 11 3.141592653589793
36
RZZ 4 10 3.141592653589793
RZZ 4 11 3.141592653589793
RZZ 0 4 3.141592653589793
RZZ 0 1 3.141592653589793
RZZ 0 2 3.141592653589793
RZZ 0 3 3.141592653589793
RZZ 5 10 3.141592653589793
RZZ 5 11 3.141592653589793
RZZ 4 5 3.141592653589793
RZZ 1 4 3.141592653589793
RZZ 1 2 3.141592653589793
RZZ 1 3 3.141592653589793
RZZ 6 10 3.141592653589793
RZZ 6 11 3.141592653589793
RZZ 5 6 3.141592653589793
RZZ 4 5 3.141592653589793
RZZ 2 4 3.141592653589793
RZZ 2 3 3.141592653589793
RZZ 7 10 3.141592653589793
RZZ 7 11 3.141592653589793
RZZ 6 7 3.141592653589793
RZZ 5 6 3.141592653589793
RZZ 4 5 3.141592653589793
RZZ 3 4 3.141592653589793
RZZ 8 10 3.141592653589793
RZZ 8 11 3.141592653589793
RZZ 7 8 3.141592653589793
RZZ 6 7 3.141592653589793
RZZ 5 6 3.141592653589793
RZZ 4 5 3.141592653589793
RZZ 9 10 3.141592653589793
RZZ 9 11 3.141592653589793
RZZ 8 9 3.141592653589793
RZZ 7 8 3.141592653589793
RZZ 6 7 3.141592653589793
RZZ 5 6 3.141592653589793
57
RZZ 0 7 3.141592653589793
RZZ 0 8 3.141592653589793
RZZ 0 9 3.141592653589793
RZZ 0 10 3.141592653589793
RZZ 0 11 3.141592653589793
RZZ 1 7 3.141592653589793
RZZ 1 8 3.141592653589793
RZZ 1 9 3.141592653589793
RZZ 1 10 3.141592653589793
RZZ 1 11 3.141592653589793
RZZ 2 7 3.141592653589793
RZZ 2 8 3.141592653589793
RZZ 2 9 3.141592653589793
RZZ 2 10 3.141592653589793
RZZ 2 11 3.141592653589793
RZZ 3 7 3.141592653589793
RZZ 3 8 3.141592653589793
RZZ 3 9 3.141592653589793
RZZ 3 10 3.141592653589793
RZZ 3 11 3.141592653589793
RZZ 4 7 3.141592653589793
RZZ 4 8 3.141592653589793
RZZ 4 9 3.141592653589793
RZZ 4 10 3.141592653589793
RZZ 4 11 3.141592653589793
RZZ 5 7 3.141592653589793
RZZ 5 8 3.141592653589793
RZZ 5 9 3.141592653589793
RZZ 5 10 3.141592653589793
RZZ 5 11 3.141592653589793
RX 0 3.141592653589793
RX 1 3.141592653589793
RX 2 3.141592653589793
RX 3 3.141592653589793
RX 4 3.141592653589793
RX 5 3.141592653589793
RZZ 0 6 3.141592653589793
RZZ 0 1 3.141592653589793
RZZ 0 2 3.141592653589793
RZZ 0 3 3.141592653589793
RZZ 0 4 3.141592653589793
RZZ 0 5 3.141592653589793
RZZ 1 6 3.141592653589793
RZZ 1 2 3.141592653589793
RZZ 1 3 3.141592653589793
RZZ 1 4 3.141592653589793
RZZ 1 5 3.141592653589793
RZZ 2 6 3.141592653589793
RZZ 2 3 3.141592653589793
RZZ 2 4 3.141592653589793
RZZ 2 5 3.141592653589793
RZZ 3 6 3.141592653589793
RZZ 3 4 3.141592653589793
RZZ 3 5 3.141592653589793
RZZ 4 6 3.141592653589793
RZZ 4 5 3.141592653589793
RZZ 5 6 3.141592653589793
36
RZZ 1 8 3.141592653589793
RZZ 1 11 3.141592653589793
RZZ 1 7 3.141592653589793
RZZ 1 6 3.141592653589793
RZZ 1 5 3.141592653589793
RZZ 0 1 3.141592653589793
RZZ 2 8 3.141592653589793
RZZ 2 11 3.141592653589793
RZZ 2 7 3.141592653589793
RZZ 2 6 3.141592653589793
RZZ 2 5 3.141592653589793
RZZ 1 2 3.141592653589793
RZZ 3 8 3.141592653589793
RZZ 3 11 3.141592653589793
RZZ 3 7 3.141592653589793
RZZ 3 6 3.141592653589793
RZZ 3 5 3.141592653589793
RZZ 2 3 3.141592653589793
RZZ 4 8 3.141592653589793
RZZ 4 11 3.141592653589793
RZZ 4 7 3.141592653589793
RZZ 4 6 3.141592653589793
RZZ 4 5 3.141592653589793
RZZ 3 4 3.141592653589793
RZZ 8 9 3.141592653589793
RZZ 8 11 3.141592653589793
RZZ 7 8 3.141592653589793
RZZ 6 7 3.141592653589793
RZZ 5 6 3.141592653589793
RZZ 4 5 3.141592653589793
RZZ 9 10 3.141592653589793
RZZ 9 11 3.141592653589793
RZZ 8 9 3.141592653589793
RZZ 7 8 3.141592653589793
RZZ 6 7 3.141592653589793
RZZ 5 6 3.141592653589793
51
RZZ 0 10 3.141592653589793
RZZ 0 11 3.141592653589793
RZZ 0 9 3.141592653589793
RZZ 0 8 3.141592653589793
RZZ 0 7 3.141592653589793
RZZ 0 6 3.141592653589793
RZZ 1 10 3.141592653589793
RZZ 1 11 3.141592653589793
RZZ 1 9 3.141592653589793
RZZ 1 8 3.141592653589793
RZZ 1 7 3.141592653589793
RZZ 1 6 3.141592653589793
RZZ 2 10 3.141592653589793
RZZ 2 11 3.141592653589793
RZZ 2 9 3.141592653589793
RZZ 2 8 3.141592653589793
RZZ 2 7 3.141592653589793
RZZ 2 6 3.141592653589793
RZZ 3 10 3.141592653589793
RZZ 3 11 3.141592653589793
RZZ 3 9 3.141592653589793
RZZ 3 8 3.141592653589793
RZZ 3 7 3.141592653589793
RZZ 3 6 3.141592653589793
RZZ 4 10 3.141592653589793
RZZ 4 11 3.141592653589793
RZZ 4 9 3.141592653589793
RZZ 4 8 3.141592653589793
RZZ 4 7 3.141592653589793
RZZ 4 6 3.141592653589793
RZZ 5 10 3.141592653589793
RZZ 5 11 3.141592653589793
RZZ 5 9 3.141592653589793
RZZ 5 8 3.141592653589793
RZZ 5 7 3.141592653589793
RZZ 5 6 3.141592653589793
RZZ 10 11 3.141592653589793
RZZ 9 10 3.141592653589793
RZZ 8 9 3.141592653589793
RZZ 7 8 3.141592653589793
RZZ 6 7 3.141592653589793
RZZ 10 11 3.141592653589793
RZZ 9 10 3.141592653589793
RZZ 8 9 3.141592653589793
RZZ 7 8 3.141592653589793
RZZ 10 11 3.141592653589793
RZZ 9 10 3.141592653589793
RZZ 8 9 3.141592653589793
RZZ 10 11 3.141592653589793
RZZ 9 10 3.141592653589793
RZZ 10 11 3.141592653589793
42
RZZ 1 5 3.141592653589793
RZZ 1 2 3.141592653589793
RZZ 1 3 3.141592653589793
RZZ 1 4 3.141592653589793
RZZ 1 9 3.141592653589793
RZZ 5 6 3.141592653589793
RZZ 2 5 3.141592653589793
RZZ 2 3 3.141592653589793
RZZ 2 4 3.141592653589793
RZZ 2 9 3.141592653589793
RZZ 6 7 3.141592653589793
RZZ 5 6 3.141592653589793
RZZ 3 5 3.141592653589793
RZZ 3 4 3.141592653589793
RZZ 3 9 3.141592653589793
RZZ 7 8 3.141592653589793
RZZ 6 7 3.141592653589793
RZZ 5 6 3.141592653589793
RZZ 4 5 3.141592653589793
RZZ 4 9 3.141592653589793
RZZ 8 10 3.141592653589793
RZZ 7 8 3.141592653589793
RZZ 6 7 3.141592653589793
RZZ 5 6 3.141592653589793
RZZ 5 9 3.141592653589793
RZZ 10 11 3.141592653589793
RZZ 8 10 3.141592653589793
RZZ 7 8 3.141592653589793
RZZ 6 7 3.141592653589793
RZZ 6 9 3.141592653589793
RX 1 3.141592653589793
RX 2 3.141592653589793
RX 3 3.141592653589793
RX 4 3.141592653589793
RX 5 3.141592653589793
RX 6 3.141592653589793
RZZ 0 1 3.141592653589793
RZZ 0 2 3.141592653589793
RZZ 0 3 3.141592653589793
RZZ 0 4 3.141592653589793
RZZ 0 5 3.141592653589793
RZZ 0 6 3.141592653589793
51
RZZ 0 1 3.141592653589793
RZZ 0 2 3.141592653589793
RZZ 0 3 3.141592653589793
RZZ 0 4 3.141592653589793
RZZ 0 5 3.141592653589793
RZZ 0 6 3.141592653589793
RZZ 1 7 3.141592653589793
RZZ 1 2 3.141592653589793
RZZ 1 3 3.141592653589793
RZZ 1 4 3.141592653589793
RZZ 1 5 3.141592653589793
RZZ 1 6 3.141592653589793
RZZ 7 8 3.141592653589793
RZZ 2 7 3.141592653589793
RZZ 2 3 3.141592653589793
RZZ 2 4 3.141592653589793
RZZ 2 5 3.141592653589793
RZZ 2 6 3.141592653589793
RZZ 8 9 3.141592653589793
RZZ 7 8 3.141592653589793
RZZ 3 7 3.141592653589793
RZZ 3 4 3.141592653589793
RZZ 3 5 3.141592653589793
RZZ 3 6 3.141592653589793
RZZ 9 10 3.141592653589793
RZZ 8 9 3.141592653589793
RZZ 7 8 3.141592653589793
RZZ 4 7 3.141592653589793
RZZ 4 5 3.141592653589793
RZZ 4 6 3.141592653589793
RZZ 10 11 3.141592653589793
RZZ 9 10 3.141592653589793
RZZ 8 9 3.141592653589793
RZZ 7 8 3.141592653589793
RZZ 5 7 3.141592653589793
RZZ 5 6 3.141592653589793
RZZ 10 11 3.141592653589793
RZZ 9 10 3.141592653589793
RZZ 8 9 3.141592653589793
RZZ 7 8 3.141592653589793
RZZ 6 7 3.141592653589793
RZZ 10 11 3.141592653589793
RZZ 9 10 3.141592653589793
RZZ 8 9 3.141592653589793
RZZ 7 8 3.141592653589793
RZZ 10 11 3.141592653589793
RZZ 9 10 3.141592653589793
RZZ 8 9 3.141592653589793
RZZ 10 11 3.141592653589793
RZZ 9 10 3.141592653589793
RZZ 10 11 3.141592653589793
42
RZZ 0 6 3.141592653589793
RZZ 0 5 3.141592653589793
RZZ 0 3 3.141592653589793
RZZ 0 2 3.141592653589793
RZZ 0 4 3.141592653589793
RZZ 6 7 3.141592653589793
RZZ 5 6 3.141592653589793
RZZ 3 5 3.141592653589793
RZZ 2 3 3.141592653589793
RZZ 2 4 3.141592653589793
RZZ 7 8 3.141592653589793
RZZ 6 7 3.141592653589793
RZZ 5 6 3.141592653589793
RZZ 3 5 3.141592653589793
RZZ 3 4 3.141592653589793
RZZ 8 9 3.141592653589793
RZZ 7 8 3.141592653589793
RZZ 6 7 3.141592653589793
RZZ 5 6 3.141592653589793
RZZ 4 5 3.141592653589793
RZZ 9 10 3.141592653589793
RZZ 8 9 3.141592653589793
RZZ 7 8 3.141592653589793
RZZ 6 7 3.141592653589793
RZZ 5 6 3.141592653589793
RZZ 10 11 3.141592653589793
RZZ 9 10 3.141592653589793
RZZ 8 9 3.141592653589793
RZZ 7 8 3.141592653589793
RZZ 6 7 3.141592653589793
RX 0 3.141592653589793
RX 2 3.141592653589793
RX 3 3.141592653589793
RX 4 3.141592653589793
RX 5 3.141592653589793
RX 6 3.141592653589793
RZZ 0 1 3.141592653589793
RZZ 0 2 3.141592653589793
RZZ 0 3 3.141592653589793
RZZ 0 4 3.141592653589793
RZZ 0 5 3.141592653589793
RZZ 0 6 3.141592653589793
63
RZZ 1 11 3.141592653589793
RZZ 1 10 3.141592653589793
RZZ 1 9 3.141592653589793
RZZ 1 8 3.141592653589793
RZZ 1 7 3.141592653589793
RZZ 2 11 3.141592653589793
RZZ 2 10 3.141592653589793
RZZ 2 9 3.141592653589793
RZZ 2 8 3.141592653589793
RZZ 2 7 3.141592653589793
RZZ 3 11 3.141592653589793
RZZ 3 10 3.141592653589793
RZZ 3 9 3.141592653589793
RZZ 3 8 3.141592653589793
RZZ 3 7 3.141592653589793
RZZ 4 11 3.141592653589793
RZZ 4 10 3.141592653589793
RZZ 4 9 3.141592653589793
RZZ 4 8 3.141592653589793
RZZ 4 7 3.141592653589793
RZZ 5 11 3.141592653589793
RZZ 5 10 3.141592653589793
RZZ 5 9 3.141592653589793
RZZ 5 8 3.141592653589793
RZZ 5 7 3.141592653589793
RZZ 6 11 3.141592653589793
RZZ 6 10 3.141592653589793
RZZ 6 9 3.141592653589793
RZZ 6 8 3.141592653589793
RZZ 6 7 3.141592653589793
RZZ 10 11 3.141592653589793
RZZ 9 10 3.141592653589793
RZZ 8 9 3.141592653589793
RZZ 7 8 3.141592653589793
RZZ 10 11 3.141592653589793
RZZ 9 10 3.141592653589793
RZZ 8 9 3.141592653589793
RZZ 10 11 3.141592653589793
RZZ 9 10 3.141592653589793
RZZ 10 11 3.141592653589793
RX 1 3.141592653589793
RX 2 3.141592653589793
RX 3 3.141592653589793
RX 4 3.141592653589793
RX 5 3.141592653589793
RX 6 3.141592653589793
RX 7 3.141592653589793
RX 8 3.141592653589793
RX 9 3.141592653589793
RX 10 3.141592653589793
RX 11 3.141592653589793
RZZ 0 1 3.141592653589793
RZZ 0 2 3.141592653589793
RZZ 0 3 3.141592653589793
RZZ 0 4 3.141592653589793
RZZ 0 5 3.141592653589793
RZZ 0 6 3.141592653589793
RZZ 0 7 3.141592653589793
RZZ 0 8 3.141592653589793
RZZ 0 9 3.141592653589793
RZZ 0 10 3.141592653589793
RZZ 0 11 3.141592653589793
RX 0 3.141592653589793
36
RZZ 0 6 3.141592653589793
RZZ 0 7 3.141592653589793
RZZ 0 8 3.141592653589793
RZZ 0 9 3.141592653589793
RZZ 0 10 3.141592653589793
RZZ 0 11 3.141592653589793
RZZ 1 6 3.141592653589793
RZZ 1 7 3.141592653589793
RZZ 1 8 3.141592653589793
RZZ 1 9 3.141592653589793
RZZ 1 10 3.141592653589793
RZZ 1 11 3.141592653589793
RZZ 2 6 3.141592653589793
RZZ 2 7 3.141592653589793
RZZ 2 8 3.141592653589793
RZZ 2 9 3.141592653589793
RZZ 2 10 3.141592653589793
RZZ 2 11 3.141592653589793
RZZ 3 6 3.141592653589793
RZZ 3 7 3.141592653589793
RZZ 3 8 3.141592653589793
RZZ 3 9 3.141592653589793
RZZ 3 10 3.141592653589793
RZZ 3 11 3.141592653589793
RZZ 4 6 3.141592653589793
RZZ 4 7 3.141592653589793
RZZ 4 8 3.141592653589793
RZZ 4 9 3.141592653589793
RZZ 4 10 3.141592653589793
RZZ 4 11 3.141592653589793
RZZ 5 6 3.141592653589793
RZZ 5 7 3.141592653589793
RZZ 5 8 3.141592653589793
RZZ 5 9 3.141592653589793
RZZ 5 10 3.141592653589793
RZZ 5 11 3.141592653589793
51
RZZ 0 6 3.141592653589793
RZZ 0 7 3.141592653589793
RZZ 0 8 3.141592653589793
RZZ 0 9 3.141592653589793
RZZ 0 10 3.141592653589793
RZZ 0 11 3.141592653589793
RZZ 1 6 3.141592653589793
RZZ 1 7 3.141592653589793
RZZ 1 8 3.141592653589793
RZZ 1 9 3.141592653589793
RZZ 1 10 3.141592653589793
RZZ 1 11 3.141592653589793
RZZ 2 6 3.141592653589793
RZZ 2 7 3.141592653589793
RZZ 2 8 3.141592653589793
RZZ 2 9 3.141592653589793
RZZ 2 10 3.141592653589793
RZZ 2 11 3.141592653589793
RZZ 3 6 3.141592653589793
RZZ 3 7 3.141592653589793
RZZ 3 8 3.141592653589793
RZZ 3 9 3.141592653589793
RZZ 3 10 3.141592653589793
RZZ 3 11 3.141592653589793
RZZ 4 6 3.141592653589793
RZZ 4 7 3.141592653589793
RZZ 4 8 3.141592653589793
RZZ 4 9 3.141592653589793
RZZ 4 10 3.141592653589793
RZZ 4 11 3.141592653589793
RZZ 5 6 3.141592653589793
RZZ 5 7 3.141592653589793
RZZ 5 8 3.141592653589793
RZZ 5 9 3.141592653589793
RZZ 5 10 3.141592653589793
RZZ 5 11 3.141592653589793
RZZ 6 7 3.141592653589793
RZZ 6 8 3.141592653589793
RZZ 6 9 3.141592653589793
RZZ 6 10 3.141592653589793
RZZ 6 11 3.141592653589793
RZZ 7 8 3.141592653589793
RZZ 7 9 3.141592653589793
RZZ 7 10 3.141592653589793
RZZ 7 11 3.141592653589793
RZZ 8 9 3.141592653589793
RZZ 8 10 3.141592653589793
RZZ 8 11 3.141592653589793
RZZ 9 10 3.141592653589793
RZZ 9 11 3.141592653589793
RZZ 10 11 3.141592653589793
36
RZZ 0 5 3.141592653589793
RZZ 0 1 3.141592653589793
RZZ 0 2 3.141592653589793
RZZ 0 3 3.141592653589793
RZZ 0 4 3.141592653589793
RZZ 0 11 3.141592653589793
RZZ 5 6 3.141592653589793
RZZ 1 5 3.141592653589793
RZZ 1 2 3.141592653589793
RZZ 1 3 3.141592653589793
RZZ 1 4 3.141592653589793
RZZ 1 11 3.141592653589793
RZZ 6 7 3.141592653589793
RZZ 5 6 3.141592653589793
RZZ 2 5 3.141592653589793
RZZ 2 3 3.141592653589793
RZZ 2 4 3.141592653589793
RZZ 2 11 3.141592653589793
RZZ 7 8 3.141592653589793
RZZ 6 7 3.141592653589793
RZZ 5 6 3.141592653589793
RZZ 3 5 3.141592653589793
RZZ 3 4 3.141592653589793
RZZ 3 11 3.141592653589793
RZZ 8 9 3.141592653589793
RZZ 7 8 3.141592653589793
RZZ 6 7 3.141592653589793
RZZ 5 6 3.141592653589793
RZZ 4 5 3.141592653589793
RZZ 4 11 3.141592653589793
RZZ 9 10 3.141592653589793
RZZ 8 9 3.141592653589793
RZZ 7 8 3.141592653589793
RZZ 6 7 3.141592653589793
RZZ 5 6 3.141592653589793
RZZ 5 11 3.141592653589793
57
RZZ 0 7 3.141592653589793
RZZ 0 8 3.141592653589793
RZZ 0 9 3.141592653589793
RZZ 0 10 3.141592653589793
RZZ 0 11 3.141592653589793
RZZ 1 7 3.141592653589793
RZZ 1 8 3.141592653589793
RZZ 1 9 3.141592653589793
RZZ 1 10 3.141592653589793
RZZ 1 11 3.141592653589793
RZZ 2 7 3.141592653589793
RZZ 2 8 3.141592653589793
RZZ 2 9 3.141592653589793
RZZ 2 10 3.141592653589793
RZZ 2 11 3.141592653589793
RZZ 3 7 3.141592653589793
RZZ 3 8 3.141592653589793
RZZ 3 9 3.141592653589793
RZZ 3 10 3.141592653589793
RZZ 3 11 3.141592653589793
RZZ 4 7 3.141592653589793
RZZ 4 8 3.141592653589793
RZZ 4 9 3.141592653589793
RZZ 4 10 3.141592653589793
RZZ 4 11 3.141592653589793
RZZ 5 7 3.141592653589793
RZZ 5 8 3.141592653589793
RZZ 5 9 3.141592653589793
RZZ 5 10 3.141592653589793
RZZ 5 11 3.141592653589793
RX 0 3.141592653589793
RX 1 3.141592653589793
RX 2 3.141592653589793
RX 3 3.141592653589793
RX 4 3.141592653589793
RX 5 3.141592653589793
RZZ 0 6 3.141592653589793
RZZ 0 1 3.141592653589793
RZZ 0 2 3.141592653589793
RZZ 0 3 3.141592653589793
RZZ 0 4 3.141592653589793
RZZ 0 5 3.141592653589793
RZZ 1 6 3.141592653589793
RZZ 1 2 3.141592653589793
RZZ 1 3 3.141592653589793
RZZ 1 4 3.141592653589793
RZZ 1 5 3.141592653589793
RZZ 2 6 3.141592653589793
RZZ 2 3 3.141592653589793
RZZ 2 4 3.141592653589793
RZZ 2 5 3.141592653589793
RZZ 3 6 3.141592653589793
RZZ 3 4 3.141592653589793
RZZ 3 5 3.141592653589793
RZZ 4 6 3.141592653589793
RZZ 4 5 3.141592653589793
RZZ 5 6 3.141592653589793
36
RZZ 1 10 3.141592653589793
RZZ 1 9 3.141592653589793
RZZ 1 8 3.141592653589793
RZZ 1 7 3.141592653589793
RZZ 0 1 3.141592653589793
RZZ 0 11 3.141592653589793
RZZ 2 10 3.141592653589793
RZZ 2 9 3.141592653589793
RZZ 2 8 3.141592653589793
RZZ 2 7 3.141592653589793
RZZ 1 2 3.141592653589793
RZZ 1 11 3.141592653589793
RZZ 3 10 3.141592653589793
RZZ 3 9 3.141592653589793
RZZ 3 8 3.141592653589793
RZZ 3 7 3.141592653589793
RZZ 2 3 3.141592653589793
RZZ 2 11 3.141592653589793
RZZ 4 10 3.141592653589793
RZZ 4 9 3.141592653589793
RZZ 4 8 3.141592653589793
RZZ 4 7 3.141592653589793
RZZ 3 4 3.141592653589793
RZZ 3 11 3.141592653589793
RZZ 5 10 3.141592653589793
RZZ 5 9 3.141592653589793
RZZ 5 8 3.141592653589793
RZZ 5 7 3.141592653589793
RZZ 4 5 3.141592653589793
RZZ 4 11 3.141592653589793
RZZ 6 10 3.141592653589793
RZZ 6 9 3.141592653589793
RZZ 6 8 3.141592653589793
RZZ 6 7 3.141592653589793
RZZ 5 6 3.141592653589793
RZZ 5 11 3.141592653589793
51
RZZ 0 10 3.141592653589793
RZZ 0 9 3.141592653589793
RZZ 0 8 3.141592653589793
RZZ 0 7 3.141592653589793
RZZ 0 6 3.141592653589793
RZZ 0 11 3.141592653589793
RZZ 1 10 3.141592653589793
RZZ 1 9 3.141592653589793
RZZ 1 8 3.141592653589793
RZZ 1 7 3.141592653589793
RZZ 1 6 3.141592653589793
RZZ 1 11 3.141592653589793
RZZ 2 10 3.141592653589793
RZZ 2 9 3.141592653589793
RZZ 2 8 3.141592653589793
RZZ 2 7 3.141592653589793
RZZ 2 6 3.141592653589793
RZZ 2 11 3.141592653589793
RZZ 3 10 3.141592653589793
RZZ 3 9 3.141592653589793
RZZ 3 8 3.141592653589793
RZZ 3 7 3.141592653589793
RZZ 3 6 3.141592653589793
RZZ 3 11 3.141592653589793
RZZ 4 10 3.141592653589793
RZZ 4 9 3.141592653589793
RZZ 4 8 3.141592653589793
RZZ 4 7 3.141592653589793
RZZ 4 6 3.141592653589793
RZZ 4 11 3.141592653589793
RZZ 5 10 3.141592653589793
RZZ 5 9 3.141592653589793
RZZ 5 8 3.141592653589793
RZZ 5 7 3.141592653589793
RZZ 5 6 3.141592653589793
RZZ 5 11 3.141592653589793
RZZ 9 10 3.141592653589793
RZZ 8 9 3.141592653589793
RZZ 7 8 3.141592653589793
RZZ 6 7 3.141592653589793
RZZ 6 11 3.141592653589793
RZZ 9 10 3.141592653589793
RZZ 8 9 3.141592653589793
RZZ 7 8 3.141592653589793
RZZ 7 11 3.141592653589793
RZZ 9 10 3.141592653589793
RZZ 8 9 3.141592653589793
RZZ 8 11 3.141592653589793
RZZ 9 10 3.141592653589793
RZZ 9 11 3.141592653589793
RZZ 10 11 3.141592653589793
42
RZZ 1 7 3.141592653589793
RZZ 1 8 3.141592653589793
RZZ 1 9 3.141592653589793
RZZ 1 10 3.141592653589793
RZZ 1 11 3.141592653589793
RZZ 2 7 3.141592653589793
RZZ 2 8 3.141592653589793
RZZ 2 9 3.141592653589793
RZZ 2 10 3.141592653589793
RZZ 2 11 3.141592653589793
RZZ 3 7 3.141592653589793
RZZ 3 8 3.141592653589793
RZZ 3 9 3.141592653589793
RZZ 3 10 3.141592653589793
RZZ 3 11 3.141592653589793
RZZ 4 7 3.141592653589793
RZZ 4 8 3.141592653589793
RZZ 4 9 3.141592653589793
RZZ 4 10 3.141592653589793
RZZ 4 11 3.141592653589793
RZZ 5 7 3.141592653589793
RZZ 5 8 3.141592653589793
RZZ 5 9 3.141592653589793
RZZ 5 10 3.141592653589793
RZZ 5 11 3.141592653589793
RZZ 6 7 3.141592653589793
RZZ 6 8 3.141592653589793
RZZ 6 9 3.141592653589793
RZZ 6 10 3.141592653589793
RZZ 6 11 3.141592653589793
RX 1 3.141592653589793
RX 2 3.141592653589793
RX 3 3.141592653589793
RX 4 3.141592653589793
RX 5 3.141592653589793
RX 6 3.141592653589793
RZZ 0 1 3.141592653589793
RZZ 0 2 3.141592653589793
RZZ 0 3 3.141592653589793
RZZ 0 4 3.141592653589793
RZZ 0 5 3.141592653589793
RZZ 0 6 3.141592653589793
51
RZZ 0 1 3.141592653589793
RZZ 0 2 3.141592653589793
RZZ 0 3 3.141592653589793
RZZ 0 4 3.141592653589793
RZZ 0 5 3.141592653589793
RZZ 0 6 3.141592653589793
RZZ 1 7 3.141592653589793
RZZ 1 2 3.141592653589793
RZZ 1 3 3.141592653589793
RZZ 1 4 3.141592653589793
RZZ 1 5 3.141592653589793
RZZ 1 6 3.141592653589793
RZZ 7 8 3.141592653589793
RZZ 2 7 3.141592653589793
RZZ 2 3 3.141592653589793
RZZ 2 4 3.141592653589793
RZZ 2 5 3.141592653589793
RZZ 2 6 3.141592653589793
RZZ 8 9 3.141592653589793
RZZ 7 8 3.141592653589793
RZZ 3 7 3.141592653589793
RZZ 3 4 3.141592653589793
RZZ 3 5 3.141592653589793
RZZ 3 6 3.141592653589793
RZZ 9 10 3.141592653589793
RZZ 8 9 3.141592653589793
RZZ 7 8 3.141592653589793
RZZ 4 7 3.141592653589793
RZZ 4 5 3.141592653589793
RZZ 4 6 3.141592653589793
RZZ 10 11 3.141592653589793
RZZ 9 10 3.141592653589793
RZZ 8 9 3.141592653589793
RZZ 7 8 3.141592653589793
RZZ 5 7 3.141592653589793
RZZ 5 6 3.141592653589793
RZZ 10 11 3.141592653589793
RZZ 9 10 3.141592653589793
RZZ 8 9 3.141592653589793
RZZ 7 8 3.141592653589793
RZZ 6 7 3.141592653589793
RZZ 10 11 3.141592653589793
RZZ 9 10 3.141592653589793
RZZ 8 9 3.141592653589793
RZZ 7 8 3.141592653589793
RZZ 10 11 3.141592653589793
RZZ 9 10 3.141592653589793
RZZ 8 9 3.141592653589793
RZZ 10 11 3.141592653589793
RZZ 9 10 3.141592653589793
RZZ 10 11 3.141592653589793
42
RZZ 0 2 3.141592653589793
RZZ 0 3 3.141592653589793
RZZ 0 4 3.141592653589793
RZZ 0 5 3.141592653589793
RZZ 0 6 3.141592653589793
RZZ 2 7 3.141592653589793
RZZ 2 3 3.141592653589793
RZZ 2 4 3.141592653589793
RZZ 2 5 3.141592653589793
RZZ 2 6 3.141592653589793
RZZ 7 8 3.141592653589793
RZZ 3 7 3.141592653589793
RZZ 3 4 3.141592653589793
RZZ 3 5 3.141592653589793
RZZ 3 6 3.141592653589793
RZZ 8 9 3.141592653589793
RZZ 7 8 3.141592653589793
RZZ 4 7 3.141592653589793
RZZ 4 5 3.141592653589793
RZZ 4 6 3.141592653589793
RZZ 9 10 3.141592653589793
RZZ 8 9 3.141592653589793
RZZ 7 8 3.141592653589793
RZZ 5 7 3.141592653589793
RZZ 5 6 3.141592653589793
RZZ 10 11 3.141592653589793
RZZ 9 10 3.141592653589793
RZZ 8 9 3.141592653589793
RZZ 7 8 3.141592653589793
RZZ 6 7 3.141592653589793
RX 0 3.141592653589793
RX 2 3.141592653589793
RX 3 3.141592653589793
RX 4 3.141592653589793
RX 5 3.141592653589793
RX 6 3.141592653589793
RZZ 0 1 3.141592653589793
RZZ 0 2 3.141592653589793
RZZ 0 3 3.141592653589793
RZZ 0 4 3.141592653589793
RZZ 0 5 3.141592653589793
RZZ 0 6 3.141592653589793
63
RZZ 1 11 3.141592653589793
RZZ 1 10 3.141592653589793
RZZ 1 9 3.141592653589793
RZZ 1 8 3.141592653589793
RZZ 1 7 3.141592653589793
RZZ 2 11 3.141592653589793
RZZ 2 10 3.141592653589793
RZZ 2 9 3.141592653589793
RZZ 2 8 3.141592653589793
RZZ 2 7 3.141592653589793
RZZ 3 11 3.141592653589793
RZZ 3 10 3.141592653589793
RZZ 3 9 3.141592653589793
RZZ 3 8 3.141592653589793
RZZ 3 7 3.141592653589793
RZZ 4 11 3.141592653589793
RZZ 4 10 3.141592653589793
RZZ 4 9 3.141592653589793
RZZ 4 8 3.141592653589793
RZZ 4 7 3.141592653589793
RZZ 5 11 3.141592653589793
RZZ 5 10 3.141592653589793
RZZ 5 9 3.141592653589793
RZZ 5 8 3.141592653589793
RZZ 5 7 3.141592653589793
RZZ 6 11 3.141592653589793
RZZ 6 10 3.141592653589793
RZZ 6 9 3.141592653589793
RZZ 6 8 3.141592653589793
RZZ 6 7 3.141592653589793
RZZ 10 11 3.141592653589793
RZZ 9 10 3.141592653589793
RZZ 8 9 3.141592653589793
RZZ 7 8 3.141592653589793
RZZ 10 11 3.141592653589793
RZZ 9 10 3.141592653589793
RZZ 8 9 3.141592653589793
RZZ 10 11 3.141592653589793
RZZ 9 10 3.141592653589793
RZZ 10 11 3.141592653589793
RX 1 3.141592653589793
RX 2 3.141592653589793
RX 3 3.141592653589793
RX 4 3.141592653589793
RX 5 3.141592653589793
RX 6 3.141592653589793
RX 7 3.141592653589793
RX 8 3.141592653589793
RX 9 3.141592653589793
RX 10 3.141592653589793
RX 11 3.141592653589793
RZZ 0 1 3.141592653589793
RZZ 0 2 3.141592653589793
RZZ 0 3 3.141592653589793
RZZ 0 4 3.141592653589793
RZZ 0 5 3.141592653589793
RZZ 0 6 3.141592653589793
RZZ 0 7 3.141592653589793
RZZ 0 8 3.141592653589793
RZZ 0 9 3.141592653589793
RZZ 0 10 3.141592653589793
RZZ 0 11 3.141592653589793
RX 0 3.141592653589793
36
RZZ 0 6 3.141592653589793
RZZ 0 7 3.141592653589793
RZZ 0 8 3.141592653589793
RZZ 0 9 3.141592653589793
RZZ 0 10 3.141592653589793
RZZ 0 11 3.141592653589793
RZZ 1 6 3.141592653589793
RZZ 1 7 3.141592653589793
RZZ 1 8 3.141592653589793
RZZ 1 9 3.141592653589793
RZZ 1 10 3.141592653589793
RZZ 1 11 3.141592653589793
RZZ 2 6 3.141592653589793
RZZ 2 7 3.141592653589793
RZZ 2 8 3.141592653589793
RZZ 2 9 3.141592653589793
RZZ 2 10 3.141592653589793
RZZ 2 11 3.141592653589793
RZZ 3 6 3.141592653589793
RZZ 3 7 3.141592653589793
RZZ 3 8 3.141592653589793
RZZ 3 9 3.141592653589793
RZZ 3 10 3.141592653589793
RZZ 3 11 3.141592653589793
RZZ 4 6 3.141592653589793
RZZ 4 7 3.141592653589793
RZZ 4 8 3.141592653589793
RZZ 4 9 3.141592653589793
RZZ 4 10 3.141592653589793
RZZ 4 11 3.141592653589793
RZZ 5 6 3.141592653589793
RZZ 5 7 3.141592653589793
RZZ 5 8 3.141592653589793
RZZ 5 9 3.141592653589793
RZZ 5 10 3.141592653589793
RZZ 5 11 3.141592653589793
51
RZZ 0 6 3.141592653589793
RZZ 0 7 3.141592653589793
RZZ 0 8 3.141592653589793
RZZ 0 9 3.141592653589793
RZZ 0 10 3.141592653589793
RZZ 0 11 3.141592653589793
RZZ 1 6 3.141592653589793
RZZ 1 7 3.141592653589793
RZZ 1 8 3.141592653589793
RZZ 1 9 3.141592653589793
RZZ 1 10 3.141592653589793
RZZ 1 11 3.141592653589793
RZZ 2 6 3.141592653589793
RZZ 2 7 3.141592653589793
RZZ 2 8 3.141592653589793
RZZ 2 9 3.141592653589793
RZZ 2 10 3.141592653589793
RZZ 2 11 3.141592653589793
RZZ 3 6 3.141592653589793
RZZ 3 7 3.141592653589793
RZZ 3 8 3.141592653589793
RZZ 3 9 3.141592653589793
RZZ 3 10 3.141592653589793
RZZ 3 11 3.141592653589793
RZZ 4 6 3.141592653589793
RZZ 4 7 3.141592653589793
RZZ 4 8 3.141592653589793
RZZ 4 9 3.141592653589793
RZZ 4 10 3.141592653589793
RZZ 4 11 3.141592653589793
RZZ 5 6 3.141592653589793
RZZ 5 7 3.141592653589793
RZZ 5 8 3.141592653589793
RZZ 5 9 3.141592653589793
RZZ 5 10 3.141592653589793
RZZ 5 11 3.141592653589793
RZZ 6 7 3.141592653589793
RZZ 6 8 3.141592653589793
RZZ 6 9 3.141592653589793
RZZ 6 10 3.141592653589793
RZZ 6 11 3.141592653589793
RZZ 7 8 3.141592653589793
RZZ 7 9 3.141592653589793
RZZ 7 10 3.141592653589793
RZZ 7 11 3.141592653589793
RZZ 8 9 3.141592653589793
RZZ 8 10 3.141592653589793
RZZ 8 11 3.141592653589793
RZZ 9 10 3.141592653589793
RZZ 9 11 3.141592653589793
RZZ 10 11 3.141592653589793
36
RZZ 0 5 3.141592653589793
RZZ 0 1 3.141592653589793
RZZ 0 2 3.141592653589793
RZZ 0 3 3.141592653589793
RZZ 0 4 3.141592653589793
RZZ 0 11 3.141592653589793
RZZ 5 6 3.141592653589793
RZZ 1 5 3.141592653589793
RZZ 1 2 3.141592653589793
RZZ 1 3 3.141592653589793
RZZ 1 4 3.141592653589793
RZZ 1 11 3.141592653589793
RZZ 6 7 3.141592653589793
RZZ 5 6 3.141592653589793
RZZ 2 5 3.141592653589793
RZZ 2 3 3.141592653589793
RZZ 2 4 3.141592653589793
RZZ 2 11 3.141592653589793
RZZ 7 8 3.141592653589793
RZZ 6 7 3.141592653589793
RZZ 5 6 3.141592653589793
RZZ 3 5 3.141592653589793
RZZ 3 4 3.141592653589793
RZZ 3 11 3.141592653589793
RZZ 8 9 3.141592653589793
RZZ 7 8 3.141592653589793
RZZ 6 7 3.141592653589793
RZZ 5 6 3.141592653589793
RZZ 4 5 3.141592653589793
RZZ 4 11 3.141592653589793
RZZ 9 10 3.141592653589793
RZZ 8 9 3.141592653589793
RZZ 7 8 3.141592653589793
RZZ 6 7 3.141592653589793
RZZ 5 6 3.141592653589793
RZZ 5 11 3.141592653589793
57
RZZ 0 7 3.141592653589793
RZZ 0 8 3.141592653589793
RZZ 0 9 3.141592653589793
RZZ 0 10 3.141592653589793
RZZ 0 11 3.141592653589793
RZZ 1 7 3.141592653589793
RZZ 1 8 3.141592653589793
RZZ 1 9 3.141592653589793
RZZ 1 10 3.141592653589793
RZZ 1 11 3.141592653589793
RZZ 2 7 3.141592653589793
RZZ 2 8 3.141592653589793
RZZ 2 9 3.141592653589793
RZZ 2 10 3.141592653589793
RZZ 2 11 3.141592653589793
RZZ 3 7 3.141592653589793
RZZ 3 8 3.141592653589793
RZZ 3 9 3.141592653589793
RZZ 3 10 3.141592653589793
RZZ 3 11 3.141592653589793
RZZ 4 7 3.141592653589793
RZZ 4 8 3.141592653589793
RZZ 4 9 3.141592653589793
RZZ 4 10 3.141592653589793
RZZ 4 11 3.141592653589793
RZZ 5 7 3.141592653589793
RZZ 5 8 3.141592653589793
RZZ 5 9 3.141592653589793
RZZ 5 10 3.141592653589793
RZZ 5 11 3.141592653589793
RX 0 3.141592653589793
RX 1 3.141592653589793
RX 2 3.141592653589793
RX 3 3.141592653589793
RX 4 3.141592653589793
RX 5 3.141592653589793
RZZ 0 6 3.141592653589793
RZZ 0 1 3.141592653589793
RZZ 0 2 3.141592653589793
RZZ 0 3 3.141592653589793
RZZ 0 4 3.141592653589793
RZZ 0 5 3.141592653589793
RZZ 1 6 3.141592653589793
RZZ 1 2 3.141592653589793
RZZ 1 3 3.141592653589793
RZZ 1 4 3.141592653589793
RZZ 1 5 3.141592653589793
RZZ 2 6 3.141592653589793
RZZ 2 3 3.141592653589793
RZZ 2 4 3.141592653589793
RZZ 2 5 3.141592653589793
RZZ 3 6 3.141592653589793
RZZ 3 4 3.141592653589793
RZZ 3 5 3.141592653589793
RZZ 4 6 3.141592653589793
RZZ 4 5 3.141592653589793
RZZ 5 6 3.141592653589793
36
RZZ 1 10 3.141592653589793
RZZ 1 9 3.141592653589793
RZZ 1 8 3.141592653589793
RZZ 1 7 3.141592653589793
RZZ 0 1 3.141592653589793
RZZ 0 11 3.141592653589793
RZZ 2 10 3.141592653589793
RZZ 2 9 3.141592653589793
RZZ 2 8 3.141592653589793
RZZ 2 7 3.141592653589793
RZZ 1 2 3.141592653589793
RZZ 1 11 3.141592653589793
RZZ 3 10 3.141592653589793
RZZ 3 9 3.141592653589793
RZZ 3 8 3.141592653589793
RZZ 3 7 3.141592653589793
RZZ 2 3 3.141592653589793
RZZ 2 11 3.141592653589793
RZZ 4 10 3.141592653589793
RZZ 4 9 3.141592653589793
RZZ 4 8 3.141592653589793
RZZ 4 7 3.141592653589793
RZZ 3 4 3.141592653589793
RZZ 3 11 3.141592653589793
RZZ 5 10 3.141592653589793
RZZ 5 9 3.141592653589793
RZZ 5 8 3.141592653589793
RZZ 5 7 3.141592653589793
RZZ 4 5 3.141592653589793
RZZ 4 11 3.141592653589793
RZZ 6 10 3.141592653589793
RZZ 6 9 3.141592653589793
RZZ 6 8 3.141592653589793
RZZ 6 7 3.141592653589793
RZZ 5 6 3.141592653589793
RZZ 5 11 3.141592653589793
51
RZZ 0 10 3.141592653589793
RZZ 0 9 3.141592653589793
RZZ 0 8 3.141592653589793
RZZ 0 7 3.141592653589793
RZZ 0 6 3.141592653589793
RZZ 0 11 3.141592653589793
RZZ 1 10 3.141592653589793
RZZ 1 9 3.141592653589793
RZZ 1 8 3.141592653589793
RZZ 1 7 3.141592653589793
RZZ 1 6 3.141592653589793
RZZ 1 11 3.141592653589793
RZZ 2 10 3.141592653589793
RZZ 2 9 3.141592653589793
RZZ 2 8 3.141592653589793
RZZ 2 7 3.141592653589793
RZZ 2 6 3.141592653589793
RZZ 2 11 3.141592653589793
RZZ 3 10 3.141592653589793
RZZ 3 9 3.141592653589793
RZZ 3 8 3.141592653589793
RZZ 3 7 3.141592653589793
RZZ 3 6 3.141592653589793
RZZ 3 11 3.141592653589793
RZZ 4 10 3.141592653589793
RZZ 4 9 3.141592653589793
RZZ 4 8 3.141592653589793
RZZ 4 7 3.141592653589793
RZZ 4 6 3.141592653589793
RZZ 4 11 3.141592653589793
RZZ 5 10 3.141592653589793
RZZ 5 9 3.141592653589793
RZZ 5 8 3.141592653589793
RZZ 5 7 3.141592653589793
RZZ 5 6 3.141592653589793
RZZ 5 11 3.141592653589793
RZZ 9 10 3.141592653589793
RZZ 8 9 3.141592653589793
RZZ 7 8 3.141592653589793
RZZ 6 7 3.141592653589793
RZZ 6 11 3.141592653589793
RZZ 9 10 3.141592653589793
RZZ 8 9 3.141592653589793
RZZ 7 8 3.141592653589793
RZZ 7 11 3.141592653589793
RZZ 9 10 3.141592653589793
RZZ 8 9 3.141592653589793
RZZ 8 11 3.141592653589793
RZZ 9 10 3.141592653589793
RZZ 9 11 3.141592653589793
RZZ 10 11 3.141592653589793
42
RZZ 1 7 3.141592653589793
RZZ 1 8 3.141592653589793
RZZ 1 9 3.141592653589793
RZZ 1 10 3.141592653589793
RZZ 1 11 3.141592653589793
RZZ 2 7 3.141592653589793
RZZ 2 8 3.141592653589793
RZZ 2 9 3.141592653589793
RZZ 2 10 3.141592653589793
RZZ 2 11 3.141592653589793
RZZ 3 7 3.141592653589793
RZZ 3 8 3.141592653589793
RZZ 3 9 3.141592653589793
RZZ 3 10 3.141592653589793
RZZ 3 11 3.141592653589793
RZZ 4 7 3.141592653589793
RZZ 4 8 3.141592653589793
RZZ 4 9 3.141592653589793
RZZ 4 10 3.141592653589793
RZZ 4 11 3.141592653589793
RZZ 5 7 3.141592653589793
RZZ 5 8 3.141592653589793
RZZ 5 9 3.141592653589793
RZZ 5 10 3.141592653589793
RZZ 5 11 3.141592653589793
RZZ 6 7 3.141592653589793
RZZ 6 8 3.141592653589793
RZZ 6 9 3.141592653589793
RZZ 6 10 3.141592653589793
RZZ 6 11 3.141592653589793
RX 1 3.141592653589793
RX 2 3.141592653589793
RX 3 3.141592653589793
RX 4 3.141592653589793
RX 5 3.141592653589793
RX 6 3.141592653589793
RZZ 0 1 3.141592653589793
RZZ 0 2 3.141592653589793
RZZ 0 3 3.141592653589793
RZZ 0 4 3.141592653589793
RZZ 0 5 3.141592653589793
RZZ 0 6 3.141592653589793
51
RZZ 0 1 3.141592653589793
RZZ 0 2 3.141592653589793
RZZ 0 3 3.141592653589793
RZZ 0 4 3.141592653589793
RZZ 0 5 3.141592653589793
RZZ 0 6 3.141592653589793
RZZ 1 7 3.141592653589793
RZZ 1 2 3.141592653589793
RZZ 1 3 3.141592653589793
RZZ 1 4 3.141592653589793
RZZ 1 5 3.141592653589793
RZZ 1 6 3.141592653589793
RZZ 7 8 3.141592653589793
RZZ 2 7 3.141592653589793
RZZ 2 3 3.141592653589793
RZZ 2 4 3.141592653589793
RZZ 2 5 3.141592653589793
RZZ 2 6 3.141592653589793
RZZ 8 9 3.141592653589793
RZZ 7 8 3.141592653589793
RZZ 3 7 3.141592653589793
RZZ 3 4 3.141592653589793
RZZ 3 5 3.141592653589793
RZZ 3 6 3.141592653589793
RZZ 9 10 3.141592653589793
RZZ 8 9 3.141592653589793
RZZ 7 8 3.141592653589793
RZZ 4 7 3.141592653589793
RZZ 4 5 3.141592653589793
RZZ 4 6 3.141592653589793
RZZ 10 11 3.141592653589793
RZZ 9 10 3.141592653589793
RZZ 8 9 3.141592653589793
RZZ 7 8 3.141592653589793
RZZ 5 7 3.141592653589793
RZZ 5 6 3.141592653589793
RZZ 10 11 3.141592653589793
RZZ 9 10 3.141592653589793
RZZ 8 9 3.141592653589793
RZZ 7 8 3.141592653589793
RZZ 6 7 3.141592653589793
RZZ 10 11 3.141592653589793
RZZ 9 10 3.141592653589793
RZZ 8 9 3.141592653589793
RZZ 7 8 3.141592653589793
RZZ 10 11 3.141592653589793
RZZ 9 10 3.141592653589793
RZZ 8 9 3.141592653589793
RZZ 10 11 3.141592653589793
RZZ 9 10 3.141592653589793
RZZ 10 11 3.141592653589793
42
RZZ 0 2 3.141592653589793
RZZ 0 3 3.141592653589793
RZZ 0 4 3.141592653589793
RZZ 0 5 3.141592653589793
RZZ 0 6 3.141592653589793
RZZ 2 7 3.141592653589793
RZZ 2 3 3.141592653589793
RZZ 2 4 3.141592653589793
RZZ 2 5 3.141592653589793
RZZ 2 6 3.141592653589793
RZZ 7 8 3.141592653589793
RZZ 3 7 3.141592653589793
RZZ 3 4 3.141592653589793
RZZ 3 5 3.141592653589793
RZZ 3 6 3.141592653589793
RZZ 8 9 3.141592653589793
RZZ 7 8 3.141592653589793
RZZ 4 7 3.141592653589793
RZZ 4 5 3.141592653589793
RZZ 4 6 3.141592653589793
RZZ 9 10 3.141592653589793
RZZ 8 9 3.141592653589793
RZZ 7 8 3.141592653589793
RZZ 5 7 3.141592653589793
RZZ 5 6 3.141592653589793
RZZ 10 11 3.141592653589793
RZZ 9 10 3.141592653589793
RZZ 8 9 3.141592653589793
RZZ 7 8 3.141592653589793
RZZ 6 7 3.141592653589793
RX 0 3.141592653589793
RX 2 3.141592653589793
RX 3 3.141592653589793
RX 4 3.141592653589793
RX 5 3.141592653589793
RX 6 3.141592653589793
RZZ 0 1 3.141592653589793
RZZ 0 2 3.141592653589793
RZZ 0 3 3.141592653589793
RZZ 0 4 3.141592653589793
RZZ 0 5 3.141592653589793
RZZ 0 6 3.141592653589793
63
RZZ 1 11 3.141592653589793
RZZ 1 10 3.141592653589793
RZZ 1 9 3.141592653589793
RZZ 1 8 3.141592653589793
RZZ 1 7 3.141592653589793
RZZ 2 11 3.141592653589793
RZZ 2 10 3.141592653589793
RZZ 2 9 3.141592653589793
RZZ 2 8 3.141592653589793
RZZ 2 7 3.141592653589793
RZZ 3 11 3.141592653589793
RZZ 3 10 3.141592653589793
RZZ 3 9 3.141592653589793
RZZ 3 8 3.141592653589793
RZZ 3 7 3.141592653589793
RZZ 4 11 3.141592653589793
RZZ 4 10 3.141592653589793
RZZ 4 9 3.141592653589793
RZZ 4 8 3.141592653589793
RZZ 4 7 3.141592653589793
RZZ 5 11 3.141592653589793
RZZ 5 10 3.141592653589793
RZZ 5 9 3.141592653589793
RZZ 5 8 3.141592653589793
RZZ 5 7 3.141592653589793
RZZ 6 11 3.141592653589793
RZZ 6 10 3.141592653589793
RZZ 6 9 3.141592653589793
RZZ 6 8 3.141592653589793
RZZ 6 7 3.141592653589793
RZZ 10 11 3.141592653589793
RZZ 9 10 3.141592653589793
RZZ 8 9 3.141592653589793
RZZ 7 8 3.141592653589793
RZZ 10 11 3.141592653589793
RZZ 9 10 3.141592653589793
RZZ 8 9 3.141592653589793
RZZ 10 11 3.141592653589793
RZZ 9 10 3.141592653589793
RZZ 10 11 3.141592653589793
RX 1 3.141592653589793
RX 2 3.141592653589793
RX 3 3.141592653589793
RX 4 3.141592653589793
RX 5 3.141592653589793
RX 6 3.141592653589793
RX 7 3.141592653589793
RX 8 3.141592653589793
RX 9 3.141592653589793
RX 10 3.141592653589793
RX 11 3.141592653589793
RZZ 0 1 3.141592653589793
RZZ 0 2 3.141592653589793
RZZ 0 3 3.141592653589793
RZZ 0 4 3.141592653589793
RZZ 0 5 3.141592653589793
RZZ 0 6 3.141592653589793
RZZ 0 7 3.141592653589793
RZZ 0 8 3.141592653589793
RZZ 0 9 3.141592653589793
RZZ 0 10 3.141592653589793
RZZ 0 11 3.141592653589793
RX 0 3.141592653589793
36
RZZ 0 6 3.141592653589793
RZZ 0 7 3.141592653589793
RZZ 0 8 3.141592653589793
RZZ 0 9 3.141592653589793
RZZ 0 10 3.141592653589793
RZZ 0 11 3.141592653589793
RZZ 1 6 3.141592653589793
RZZ 1 7 3.141592653589793
RZZ 1 8 3.141592653589793
RZZ 1 9 3.141592653589793
RZZ 1 10 3.141592653589793
RZZ 1 11 3.141592653589793
RZZ 2 6 3.141592653589793
RZZ 2 7 3.141592653589793
RZZ 2 8 3.141592653589793
RZZ 2 9 3.141592653589793
RZZ 2 10 3.141592653589793
RZZ 2 11 3.141592653589793
RZZ 3 6 3.141592653589793
RZZ 3 7 3.141592653589793
RZZ 3 8 3.141592653589793
RZZ 3 9 3.141592653589793
RZZ 3 10 3.141592653589793
RZZ 3 11 3.141592653589793
RZZ 4 6 3.141592653589793
RZZ 4 7 3.141592653589793
RZZ 4 8 3.141592653589793
RZZ 4 9 3.141592653589793
RZZ 4 10 3.141592653589793
RZZ 4 11 3.141592653589793
RZZ 5 6 3.141592653589793
RZZ 5 7 3.141592653589793
RZZ 5 8 3.141592653589793
RZZ 5 9 3.141592653589793
RZZ 5 10 3.141592653589793
RZZ 5 11 3.141592653589793
51
RZZ 0 6 3.141592653589793
RZZ 0 7 3.141592653589793
RZZ 0 8 3.141592653589793
RZZ 0 9 3.141592653589793
RZZ 0 10 3.141592653589793
RZZ 0 11 3.141592653589793
RZZ 1 6 3.141592653589793
RZZ 1 7 3.141592653589793
RZZ 1 8 3.141592653589793
RZZ 1 9 3.141592653589793
RZZ 1 10 3.141592653589793
RZZ 1 11 3.141592653589793
RZZ 2 6 3.141592653589793
RZZ 2 7 3.141592653589793
RZZ 2 8 3.141592653589793
RZZ 2 9 3.141592653589793
RZZ 2 10 3.141592653589793
RZZ 2 11 3.141592653589793
RZZ 3 6 3.141592653589793
RZZ 3 7 3.141592653589793
RZZ 3 8 3.141592653589793
RZZ 3 9 3.141592653589793
RZZ 3 10 3.141592653589793
RZZ 3 11 3.141592653589793
RZZ 4 6 3.141592653589793
RZZ 4 7 3.141592653589793
RZZ 4 8 3.141592653589793
RZZ 4 9 3.141592653589793
RZZ 4 10 3.141592653589793
RZZ 4 11 3.141592653589793
RZZ 5 6 3.141592653589793
RZZ 5 7 3.141592653589793
RZZ 5 8 3.141592653589793
RZZ 5 9 3.141592653589793
RZZ 5 10 3.141592653589793
RZZ 5 11 3.141592653589793
RZZ 6 7 3.141592653589793
RZZ 6 8 3.141592653589793
RZZ 6 9 3.141592653589793
RZZ 6 10 3.141592653589793
RZZ 6 11 3.141592653589793
RZZ 7 8 3.141592653589793
RZZ 7 9 3.141592653589793
RZZ 7 10 3.141592653589793
RZZ 7 11 3.141592653589793
RZZ 8 9 3.141592653589793
RZZ 8 10 3.141592653589793
RZZ 8 11 3.141592653589793
RZZ 9 10 3.141592653589793
RZZ 9 11 3.141592653589793
RZZ 10 11 3.141592653589793
36
RZZ 0 5 3.141592653589793
RZZ 0 1 3.141592653589793
RZZ 0 2 3.141592653589793
RZZ 0 3 3.141592653589793
RZZ 0 4 3.141592653589793
RZZ 0 11 3.141592653589793
RZZ 5 6 3.141592653589793
RZZ 1 5 3.141592653589793
RZZ 1 2 3.141592653589793
RZZ 1 3 3.141592653589793
RZZ 1 4 3.141592653589793
RZZ 1 11 3.141592653589793
RZZ 6 7 3.141592653589793
RZZ 5 6 3.141592653589793
RZZ 2 5 3.141592653589793
RZZ 2 3 3.141592653589793
RZZ 2 4 3.141592653589793
RZZ 2 11 3.141592653589793
RZZ 7 8 3.141592653589793
RZZ 6 7 3.141592653589793
RZZ 5 6 3.141592653589793
RZZ 3 5 3.141592653589793
RZZ 3 4 3.141592653589793
RZZ 3 11 3.141592653589793
RZZ 8 9 3.141592653589793
RZZ 7 8 3.141592653589793
RZZ 6 7 3.141592653589793
RZZ 5 6 3.141592653589793
RZZ 4 5 3.141592653589793
RZZ 4 11 3.141592653589793
RZZ 9 10 3.141592653589793
RZZ 8 9 3.141592653589793
RZZ 7 8 3.141592653589793
RZZ 6 7 3.141592653589793
RZZ 5 6 3.141592653589793
RZZ 5 11 3.141592653589793
36
RZZ 0 10 3.141592653589793
RZZ 0 9 3.141592653589793
RZZ 0 8 3.141592653589793
RZZ 0 7 3.141592653589793
RZZ 0 6 3.141592653589793
RZZ 0 11 3.141592653589793
RZZ 1 10 3.141592653589793
RZZ 1 9 3.141592653589793
RZZ 1 8 3.141592653589793
RZZ 1 7 3.141592653589793
RZZ 1 6 3.141592653589793
RZZ 1 11 3.141592653589793
RZZ 2 10 3.141592653589793
RZZ 2 9 3.141592653589793
RZZ 2 8 3.141592653589793
RZZ 2 7 3.141592653589793
RZZ 2 6 3.141592653589793
RZZ 2 11 3.141592653589793
RZZ 3 10 3.141592653589793
RZZ 3 9 3.141592653589793
RZZ 3 8 3.141592653589793
RZZ 3 7 3.141592653589793
RZZ 3 6 3.141592653589793
RZZ 3 11 3.141592653589793
RZZ 4 10 3.141592653589793
RZZ 4 9 3.141592653589793
RZZ 4 8 3.141592653589793
RZZ 4 7 3.141592653589793
RZZ 4 6 3.141592653589793
RZZ 4 11 3.141592653589793
RZZ 5 10 3.141592653589793
RZZ 5 9 3.141592653589793
RZZ 5 8 3.141592653589793
RZZ 5 7 3.141592653589793
RZZ 5 6 3.141592653589793
RZZ 5 11 3.141592653589793
51
RZZ 0 10 3.141592653589793
RZZ 0 9 3.141592653589793
RZZ 0 8 3.141592653589793
RZZ 0 7 3.141592653589793
RZZ 0 6 3.141592653589793
RZZ 0 11 3.141592653589793
RZZ 1 10 3.141592653589793
RZZ 1 9 3.141592653589793
RZZ 1 8 3.141592653589793
RZZ 1 7 3.141592653589793
RZZ 1 6 3.141592653589793
RZZ 1 11 3.141592653589793
RZZ 2 10 3.141592653589793
RZZ 2 9 3.141592653589793
RZZ 2 8 3.141592653589793
RZZ 2 7 3.141592653589793
RZZ 2 6 3.141592653589793
RZZ 2 11 3.141592653589793
RZZ 3 10 3.141592653589793
RZZ 3 9 3.141592653589793
RZZ 3 8 3.141592653589793
RZZ 3 7 3.141592653589793
RZZ 3 6 3.141592653589793
RZZ 3 11 3.141592653589793
RZZ 4 10 3.141592653589793
RZZ 4 9 3.141592653589793
RZZ 4 8 3.141592653589793
RZZ 4 7 3.141592653589793
RZZ 4 6 3.141592653589793
RZZ 4 11 3.141592653589793
RZZ 5 10 3.141592653589793
RZZ 5 9 3.141592653589793
RZZ 5 8 3.141592653589793
RZZ 5 7 3.141592653589793
RZZ 5 6 3.141592653589793
RZZ 5 11 3.141592653589793
RZZ 9 10 3.141592653589793
RZZ 8 9 3.141592653589793
RZZ 7 8 3.141592653589793
RZZ 6 7 3.141592653589793
RZZ 6 11 3.141592653589793
RZZ 9 10 3.141592653589793
RZZ 8 9 3.141592653589793
RZZ 7 8 3.141592653589793
RZZ 7 11 3.141592653589793
RZZ 9 10 3.141592653589793
RZZ 8 9 3.141592653589793
RZZ 8 11 3.141592653589793
RZZ 9 10 3.141592653589793
RZZ 9 11 3.141592653589793
RZZ 10 11 3.141592653589793
42
RZZ 0 7 3.141592653589793
RZZ 0 8 3.141592653589793
RZZ 0 9 3.141592653589793
RZZ 0 10 3.141592653589793
RZZ 0 11 3.141592653589793
RZZ 1 7 3.141592653589793
RZZ 1 8 3.141592653589793
RZZ 1 9 3.141592653589793
RZZ 1 10 3.141592653589793
RZZ 1 11 3.141592653589793
RZZ 2 7 3.141592653589793
RZZ 2 8 3.141592653589793
RZZ 2 9 3.141592653589793
RZZ 2 10 3.141592653589793
RZZ 2 11 3.141592653589793
RZZ 3 7 3.141592653589793
RZZ 3 8 3.141592653589793
RZZ 3 9 3.141592653589793
RZZ 3 10 3.141592653589793
RZZ 3 11 3.141592653589793
RZZ 4 7 3.141592653589793
RZZ 4 8 3.141592653589793
RZZ 4 9 3.141592653589793
RZZ 4 10 3.141592653589793
RZZ 4 11 3.141592653589793
RZZ 5 7 3.141592653589793
RZZ 5 8 3.141592653589793
RZZ 5 9 3.141592653589793
RZZ 5 10 3.141592653589793
RZZ 5 11 3.141592653589793
RZZ 6 7 3.141592653589793
RZZ 6 8 3.141592653589793
RZZ 6 9 3.141592653589793
RZZ 6 10 3.141592653589793
RZZ 6 11 3.141592653589793
RX 0 3.141592653589793
RX 1 3.141592653589793
RX 2 3.141592653589793
RX 3 3.141592653589793
RX 4 3.141592653589793
RX 5 3.141592653589793
RX 6 3.141592653589793
42
RZZ 2 7 3.141592653589793
RZZ 2 8 3.141592653589793
RZZ 2 9 3.141592653589793
RZZ 2 10 3.141592653589793
RZZ 2 11 3.141592653589793
RZZ 3 7 3.141592653589793
RZZ 3 8 3.141592653589793
RZZ 3 9 3.141592653589793
RZZ 3 10 3.141592653589793
RZZ 3 11 3.141592653589793
RZZ 4 7 3.141592653589793
RZZ 4 8 3.141592653589793
RZZ 4 9 3.141592653589793
RZZ 4 10 3.141592653589793
RZZ 4 11 3.141592653589793
RZZ 5 7 3.141592653589793
RZZ 5 8 3.141592653589793
RZZ 5 9 3.141592653589793
RZZ 5 10 3.141592653589793
RZZ 5 11 3.141592653589793
RZZ 6 7 3.141592653589793
RZZ 6 8 3.141592653589793
RZZ 6 9 3.141592653589793
RZZ 6 10 3.141592653589793
RZZ 6 11 3.141592653589793
RZZ 0 7 3.141592653589793
RZZ 0 8 3.141592653589793
RZZ 0 9 3.141592653589793
RZZ 0 10 3.141592653589793
RZZ 0 11 3.141592653589793
RZZ 1 7 3.141592653589793
RZZ 1 8 3.141592653589793
RZZ 1 9 3.141592653589793
RZZ 1 10 3.141592653589793
RZZ 1 11 3.141592653589793
RX 2 3.141592653589793
RX 3 3.141592653589793
RX 4 3.141592653589793
RX 5 3.141592653589793
RX 6 3.141592653589793
RX 0 3.141592653589793
RX 1 3.141592653589793
42
RZZ 0 7 3.141592653589793
RZZ 0 8 3.141592653589793
RZZ 0 9 3.141592653589793
RZZ 0 10 3.141592653589793
RZZ 0 11 3.141592653589793
RZZ 1 7 3.141592653589793
RZZ 1 8 3.141592653589793
RZZ 1 9 3.141592653589793
RZZ 1 10 3.141592653589793
RZZ 1 11 3.141592653589793
RZZ 2 7 3.141592653589793
RZZ 2 8 3.141592653589793
RZZ 2 9 3.141592653589793
RZZ 2 10 3.141592653589793
RZZ 2 11 3.141592653589793
RZZ 3 7 3.141592653589793
RZZ 3 8 3.141592653589793
RZZ 3 9 3.141592653589793
RZZ 3 10 3.141592653589793
RZZ 3 11 3.141592653589793
RZZ 4 7 3.141592653589793
RZZ 4 8 3.141592653589793
RZZ 4 9 3.141592653589793
RZZ 4 10 3.141592653589793
RZZ 4 11 3.141592653589793
RZZ 5 7 3.141592653589793
RZZ 5 8 3.141592653589793
RZZ 5 9 3.141592653589793
RZZ 5 10 3.141592653589793
RZZ 5 11 3.141592653589793
RZZ 6 7 3.141592653589793
RZZ 6 8 3.141592653589793
RZZ 6 9 3.141592653589793
RZZ 6 10 3.141592653589793
RZZ 6 11 3.141592653589793
RX 0 3.141592653589793
RX 1 3.141592653589793
RX 2 3.141592653589793
RX 3 3.141592653589793
RX 4 3.141592653589793
RX 5 3.141592653589793
RX 6 3.141592653589793
33
RZZ 0 7 3.141592653589793
RZZ 0 8 3.141592653589793
RZZ 0 9 3.141592653589793
RZZ 0 10 3.141592653589793
RZZ 0 11 3.141592653589793
RZZ 1 7 3.141592653589793
RZZ 1 8 3.141592653589793
RZZ 1 9 3.141592653589793
RZZ 1 10 3.141592653589793
RZZ 1 11 3.141592653589793
RZZ 2 7 3.141592653589793
RZZ 2 8 3.141592653589793
RZZ 2 9 3.141592653589793
RZZ 2 10 3.141592653589793
RZZ 2 11 3.141592653589793
RZZ 7 8 3.141592653589793
RZZ 7 9 3.141592653589793
RZZ 7 10 3.141592653589793
RZZ 7 11 3.141592653589793
RZZ 8 9 3.141592653589793
RZZ 8 10 3.141592653589793
RZZ 8 11 3.141592653589793
RZZ 9 10 3.141592653589793
RZZ 9 11 3.141592653589793
RZZ 10 11 3.141592653589793
RX 0 3.141592653589793
RX 1 3.141592653589793
RX 2 3.141592653589793
RX 7 3.141592653589793
RX 8 3.141592653589793
RX 9 3.141592653589793
RX 10 3.141592653589793
RX 11 3.141592653589793
