H 0
CP  0 1 1.5707963267948966
CP  0 2 0.7853981633974483
CP  0 3 0.39269908169872414
CP  0 4 0.19634954084936207
CP  0 5 0.09817477042468103
CP  0 6 0.04908738521234052
CP  0 7 0.02454369260617026
CP  0 8 0.01227184630308513
CP  0 9 0.006135923151542565
CP  0 10 0.0030679615757712823
CP  0 11 0.0015339807878856412
CP  0 12 0.0007669903939428206
CP  0 13 0.0003834951969714103
CP  0 14 0.00019174759848570515
CP  0 15 9.587379924285257e-05
CP  0 16 4.7936899621426287e-05
CP  0 17 2.3968449810713143e-05
CP  0 18 1.1984224905356572e-05
CP  0 19 5.992112452678286e-06
CP  0 20 2.996056226339143e-06
H 1
CP  1 2 1.5707963267948966
CP  1 3 0.7853981633974483
CP  1 4 0.39269908169872414
CP  1 5 0.19634954084936207
CP  1 6 0.09817477042468103
CP  1 7 0.04908738521234052
CP  1 8 0.02454369260617026
CP  1 9 0.01227184630308513
CP  1 10 0.006135923151542565
CP  1 11 0.0030679615757712823
CP  1 12 0.0015339807878856412
CP  1 13 0.0007669903939428206
CP  1 14 0.0003834951969714103
CP  1 15 0.00019174759848570515
CP  1 16 9.587379924285257e-05
CP  1 17 4.7936899621426287e-05
CP  1 18 2.3968449810713143e-05
CP  1 19 1.1984224905356572e-05
CP  1 20 5.992112452678286e-06
H 2
CP  2 3 1.5707963267948966
CP  2 4 0.7853981633974483
CP  2 5 0.39269908169872414
CP  2 6 0.19634954084936207
CP  2 7 0.09817477042468103
CP  2 8 0.04908738521234052
CP  2 9 0.02454369260617026
CP  2 10 0.01227184630308513
CP  2 11 0.006135923151542565
CP  2 12 0.0030679615757712823
CP  2 13 0.0015339807878856412
CP  2 14 0.0007669903939428206
CP  2 15 0.0003834951969714103
CP  2 16 0.00019174759848570515
CP  2 17 9.587379924285257e-05
CP  2 18 4.7936899621426287e-05
CP  2 19 2.3968449810713143e-05
CP  2 20 1.1984224905356572e-05
H 3
CP  3 4 1.5707963267948966
CP  3 5 0.7853981633974483
CP  3 6 0.39269908169872414
CP  3 7 0.19634954084936207
CP  3 8 0.09817477042468103
CP  3 9 0.04908738521234052
CP  3 10 0.02454369260617026
CP  3 11 0.01227184630308513
CP  3 12 0.006135923151542565
CP  3 13 0.0030679615757712823
CP  3 14 0.0015339807878856412
CP  3 15 0.0007669903939428206
CP  3 16 0.0003834951969714103
CP  3 17 0.00019174759848570515
CP  3 18 9.587379924285257e-05
CP  3 19 4.7936899621426287e-05
CP  3 20 2.3968449810713143e-05
H 4
CP  4 5 1.5707963267948966
CP  4 6 0.7853981633974483
CP  4 7 0.39269908169872414
CP  4 8 0.19634954084936207
CP  4 9 0.09817477042468103
CP  4 10 0.04908738521234052
CP  4 11 0.02454369260617026
CP  4 12 0.01227184630308513
CP  4 13 0.006135923151542565
CP  4 14 0.0030679615757712823
CP  4 15 0.0015339807878856412
CP  4 16 0.0007669903939428206
CP  4 17 0.0003834951969714103
CP  4 18 0.00019174759848570515
CP  4 19 9.587379924285257e-05
CP  4 20 4.7936899621426287e-05
H 5
CP  5 6 1.5707963267948966
CP  5 7 0.7853981633974483
CP  5 8 0.39269908169872414
CP  5 9 0.19634954084936207
CP  5 10 0.09817477042468103
CP  5 11 0.04908738521234052
CP  5 12 0.02454369260617026
CP  5 13 0.01227184630308513
CP  5 14 0.006135923151542565
CP  5 15 0.0030679615757712823
CP  5 16 0.0015339807878856412
CP  5 17 0.0007669903939428206
CP  5 18 0.0003834951969714103
CP  5 19 0.00019174759848570515
CP  5 20 9.587379924285257e-05
H 6
CP  6 7 1.5707963267948966
CP  6 8 0.7853981633974483
CP  6 9 0.39269908169872414
CP  6 10 0.19634954084936207
CP  6 11 0.09817477042468103
CP  6 12 0.04908738521234052
CP  6 13 0.02454369260617026
CP  6 14 0.01227184630308513
CP  6 15 0.006135923151542565
CP  6 16 0.0030679615757712823
CP  6 17 0.0015339807878856412
CP  6 18 0.0007669903939428206
CP  6 19 0.0003834951969714103
CP  6 20 0.00019174759848570515
H 7
CP  7 8 1.5707963267948966
CP  7 9 0.7853981633974483
CP  7 10 0.39269908169872414
CP  7 11 0.19634954084936207
CP  7 12 0.09817477042468103
CP  7 13 0.04908738521234052
CP  7 14 0.02454369260617026
CP  7 15 0.01227184630308513
CP  7 16 0.006135923151542565
CP  7 17 0.0030679615757712823
CP  7 18 0.0015339807878856412
CP  7 19 0.0007669903939428206
CP  7 20 0.0003834951969714103
H 8
CP  8 9 1.5707963267948966
CP  8 10 0.7853981633974483
CP  8 11 0.39269908169872414
CP  8 12 0.19634954084936207
CP  8 13 0.09817477042468103
CP  8 14 0.04908738521234052
CP  8 15 0.02454369260617026
CP  8 16 0.01227184630308513
CP  8 17 0.006135923151542565
CP  8 18 0.0030679615757712823
CP  8 19 0.0015339807878856412
CP  8 20 0.0007669903939428206
H 9
CP  9 10 1.5707963267948966
CP  9 11 0.7853981633974483
CP  9 12 0.39269908169872414
CP  9 13 0.19634954084936207
CP  9 14 0.09817477042468103
CP  9 15 0.04908738521234052
CP  9 16 0.02454369260617026
CP  9 17 0.01227184630308513
CP  9 18 0.006135923151542565
CP  9 19 0.0030679615757712823
CP  9 20 0.0015339807878856412
H 10
CP  10 11 1.5707963267948966
CP  10 12 0.7853981633974483
CP  10 13 0.39269908169872414
CP  10 14 0.19634954084936207
CP  10 15 0.09817477042468103
CP  10 16 0.04908738521234052
CP  10 17 0.02454369260617026
CP  10 18 0.01227184630308513
CP  10 19 0.006135923151542565
CP  10 20 0.0030679615757712823
H 11
CP  11 12 1.5707963267948966
CP  11 13 0.7853981633974483
CP  11 14 0.39269908169872414
CP  11 15 0.19634954084936207
CP  11 16 0.09817477042468103
CP  11 17 0.04908738521234052
CP  11 18 0.02454369260617026
CP  11 19 0.01227184630308513
CP  11 20 0.006135923151542565
H 12
CP  12 13 1.5707963267948966
CP  12 14 0.7853981633974483
CP  12 15 0.39269908169872414
CP  12 16 0.19634954084936207
CP  12 17 0.09817477042468103
CP  12 18 0.04908738521234052
CP  12 19 0.02454369260617026
CP  12 20 0.01227184630308513
H 13
CP  13 14 1.5707963267948966
CP  13 15 0.7853981633974483
CP  13 16 0.39269908169872414
CP  13 17 0.19634954084936207
CP  13 18 0.09817477042468103
CP  13 19 0.04908738521234052
CP  13 20 0.02454369260617026
H 14
CP  14 15 1.5707963267948966
CP  14 16 0.7853981633974483
CP  14 17 0.39269908169872414
CP  14 18 0.19634954084936207
CP  14 19 0.09817477042468103
CP  14 20 0.04908738521234052
H 15
CP  15 16 1.5707963267948966
CP  15 17 0.7853981633974483
CP  15 18 0.39269908169872414
CP  15 19 0.19634954084936207
CP  15 20 0.09817477042468103
H 16
CP  16 17 1.5707963267948966
CP  16 18 0.7853981633974483
CP  16 19 0.39269908169872414
CP  16 20 0.19634954084936207
H 17
CP  17 18 1.5707963267948966
CP  17 19 0.7853981633974483
CP  17 20 0.39269908169872414
H 18
CP  18 19 1.5707963267948966
CP  18 20 0.7853981633974483
H 19
CP  19 20 1.5707963267948966
H 20
SWAP 0 20
SWAP 1 19
SWAP 2 18
SWAP 3 17
SWAP 4 16
SWAP 5 15
SWAP 6 14
SWAP 7 13
SWAP 8 12
SWAP 9 11
